6 0.14375 0.65625 0.02109375 0.0328125
6 0.24296875 0.790625 0.025 0.0359375
6 0.44609375 0.65 0.02265625 0.0328125
6 0.50546875 0.64296875 0.02109375 0.03125
6 0.48125 0.63671875 0.0234375 0.034375
6 0.52109375 0.621875 0.02109375 0.0328125
6 0.49375 0.6140625 0.02109375 0.0171875
6 0.47265625 0.6078125 0.0203125 0.0328125
6 0.52734375 0.59765625 0.0234375 0.0203125
0 0.3 0.825 0.02578125 0.0375
6 0.8890625 0.84140625 0.02578125 0.02890625
1 0.49453125 0.36640625 0.02265625 0.03515625
7 0.49140625 0.1015625 0.02109375 0.0296875
6 0.4328125 0.25390625 0.01875 0.03359375
3 0.3953125 0.1546875 0.021875 0.02890625
8 0.596875 0.15625 0.01953125 0.02890625
2 0.46015625 0.09609375 0.01875 0.02265625
6 0.49296875 0.590625 0.01796875 0.0234375
6 0.5140625 0.58515625 0.02109375 0.0265625
4 0.49140625 0.57265625 0.0234375 0.015625