3 0.39609375 0.84453125 0.02109375 0.0328125
2 0.4625 0.903125 0.01796875 0.028125
1 0.49453125 0.63515625 0.02109375 0.0296875
6 0.5734375 0.41328125 0.025 0.03359375
4 0.48984375 0.4328125 0.02578125 0.02734375
6 0.490625 0.40859375 0.0234375 0.02578125
6 0.5078125 0.396875 0.0234375 0.034375
6 0.14453125 0.34453125 0.02890625 0.03671875
6 0.34140625 0.4453125 0.0234375 0.0359375
0 0.49453125 0.2515625 0.028125 0.04375
6 0.8390625 0.39765625 0.02578125 0.04375
7 0.803125 0.2875 0.0296875 0.0453125
8 0.59609375 0.84765625 0.0265625 0.03125
6 0.40078125 0.4421875 0.02265625 0.034375
6 0.4328125 0.74765625 0.0234375 0.03828125