8 0.59609375 0.8453125 0.01796875 0.034375
2 0.49375 0.84296875 0.0203125 0.0296875
3 0.39375 0.84453125 0.01875 0.0296875
7 0.56953125 0.78671875 0.02109375 0.03125
1 0.49375 0.63359375 0.0234375 0.03515625
0 0.4953125 0.24921875 0.025 0.0375
6 0.61875 0.4296875 0.0234375 0.0375
6 0.51796875 0.334375 0.021875 0.0359375
6 0.49375 0.34765625 0.02421875 0.03515625
6 0.471875 0.346875 0.02265625 0.03671875
6 0.521875 0.43203125 0.0234375 0.03515625
6 0.52734375 0.36015625 0.02421875 0.03515625
6 0.50625 0.3671875 0.01875 0.021875
6 0.48359375 0.36875 0.02421875 0.0203125
6 0.4609375 0.3625 0.02265625 0.03125
6 0.51640625 0.38203125 0.02421875 0.01875
6 0.49453125 0.38125 0.021875 0.01875
6 0.47109375 0.3828125 0.02109375 0.0203125
6 0.5046875 0.39765625 0.02578125 0.01328125
6 0.48359375 0.39375 0.02421875 0.0203125
6 0.49453125 0.409375 0.02265625 0.0140625
4 0.49375 0.425 0.0234375 0.0203125