2 0.49453125 0.153125 0.01875 0.03203125
6 0.33828125 0.8078125 0.02734375 0.0421875
8 0.6046875 0.14765625 0.01953125 0.025
6 0.2328125 0.55703125 0.02265625 0.03828125
3 0.2890625 0.0328125 0.01640625 0.02890625
4 0.49375 0.584375 0.0203125 0.0359375
1 0.49375 0.3671875 0.021875 0.0328125
7 0.325 0.46640625 0.02578125 0.03359375
6 0.52734375 0.63515625 0.01953125 0.0359375
6 0.50859375 0.63203125 0.025 0.0375
6 0.51953125 0.6546875 0.021875 0.04375
6 0.515625 0.7296875 0.02578125 0.03828125
6 0.4515625 0.78125 0.02421875 0.03984375
0 0.3734375 0.8359375 0.02890625 0.03203125
6 0.21484375 0.8359375 0.02578125 0.0265625