2 0.50546875 0.153125 0.01875 0.03203125
1 0.50625 0.3671875 0.021875 0.0328125
6 0.47265625 0.63515625 0.01953125 0.0359375
6 0.48046875 0.6546875 0.021875 0.04375
3 0.7109375 0.03359375 0.0203125 0.02578125
8 0.396875 0.146875 0.02265625 0.0296875
6 0.49296875 0.62734375 0.02265625 0.0359375
0 0.6390625 0.81640625 0.0234375 0.0453125
6 0.84453125 0.83671875 0.028125 0.02890625
6 0.7703125 0.5546875 0.02578125 0.0375
4 0.5046875 0.58515625 0.0265625 0.0421875
7 0.43046875 0.571875 0.01953125 0.034375
6 0.6609375 0.80390625 0.021875 0.03828125
6 0.778125 0.82265625 0.02890625 0.03828125