7 0.38359375 0.85390625 0.021875 0.034375
8 0.59609375 0.84609375 0.01953125 0.034375
2 0.48671875 0.84921875 0.01953125 0.03046875
3 0.34296875 0.89453125 0.0234375 0.0328125
1 0.49375 0.63359375 0.0203125 0.03046875
0 0.57734375 0.16328125 0.02578125 0.03671875
6 0.6875 0.18671875 0.02578125 0.03828125
6 0.51484375 0.19375 0.02890625 0.0375
6 0.59765625 0.4421875 0.025 0.03984375
6 0.5484375 0.3421875 0.02421875 0.0359375
6 0.5203125 0.3484375 0.02265625 0.03671875
6 0.4625 0.38828125 0.02421875 0.03828125
4 0.4875 0.4328125 0.0234375 0.03515625
6 0.2765625 0.178125 0.0265625 0.0421875
6 0.4703125 0.21640625 0.02578125 0.040625
6 0.415625 0.215625 0.02734375 0.04296875
6 0.40859375 0.26328125 0.02734375 0.04140625
6 0.51484375 0.4265625 0.02421875 0.03828125
6 0.42265625 0.3765625 0.02265625 0.03671875
6 0.50546875 0.36875 0.02265625 0.0359375
6 0.47734375 0.4109375 0.02421875 0.02890625
6 0.52734375 0.365625 0.02109375 0.02734375