4 0.50859375 0.42890625 0.021875 0.025
3 0.60390625 0.84453125 0.02109375 0.0328125
8 0.403125 0.8453125 0.0203125 0.0296875
2 0.5375 0.903125 0.01796875 0.028125
6 0.56640625 0.74453125 0.02109375 0.0328125
6 0.85546875 0.34296875 0.02421875 0.03515625
1 0.50546875 0.63515625 0.02109375 0.0296875
6 0.51015625 0.4078125 0.0234375 0.02578125
0 0.50546875 0.2515625 0.02421875 0.03515625
6 0.5203125 0.39140625 0.015625 0.02734375
6 0.51953125 0.3609375 0.01953125 0.0296875
6 0.503125 0.3765625 0.02265625 0.02890625
6 0.4953125 0.3546875 0.02265625 0.03359375
6 0.47890625 0.378125 0.02109375 0.03359375
6 0.4734375 0.3984375 0.021875 0.03203125
7 0.21328125 0.26796875 0.02421875 0.0359375