2 0.50546875 0.84296875 0.02109375 0.02578125
0 0.5046875 0.25 0.02421875 0.040625
1 0.50546875 0.6359375 0.02109375 0.02890625
3 0.6078125 0.84609375 0.0203125 0.0296875
8 0.4046875 0.84453125 0.025 0.0328125
7 0.603125 0.553125 0.02109375 0.0375
6 0.7265625 0.33515625 0.02265625 0.0390625
6 0.61640625 0.39296875 0.02734375 0.03203125
6 0.56484375 0.39453125 0.02578125 0.0375
6 0.546875 0.321875 0.02421875 0.0375
6 0.47578125 0.315625 0.02265625 0.0375
6 0.496875 0.32578125 0.02265625 0.0359375
6 0.46953125 0.3625 0.02578125 0.0375
6 0.49375 0.36484375 0.02421875 0.0359375
6 0.51796875 0.36171875 0.025 0.0328125
6 0.51875 0.39296875 0.02734375 0.034375
6 0.50390625 0.40859375 0.02578125 0.01796875
6 0.484375 0.384375 0.02109375 0.02109375
6 0.375 0.184375 0.025 0.040625
4 0.5046875 0.4296875 0.025 0.02734375