8 0.5953125 0.84375 0.02109375 0.0328125
2 0.49375 0.8421875 0.02109375 0.03203125
3 0.39296875 0.8421875 0.021875 0.03359375
7 0.453125 0.17734375 0.02890625 0.046875
6 0.5046875 0.36171875 0.02265625 0.0359375
6 0.528125 0.36171875 0.025 0.03671875
6 0.48125 0.3609375 0.02265625 0.0359375
6 0.48046875 0.3921875 0.0203125 0.03203125
1 0.49375 0.63359375 0.02421875 0.03828125
6 0.6265625 0.1859375 0.0265625 0.03828125
4 0.49609375 0.34921875 0.02734375 0.03671875
6 0.51640625 0.38671875 0.028125 0.0171875
6 0.49296875 0.38515625 0.02421875 0.01875
6 0.50546875 0.4 0.02734375 0.0171875
6 0.49609375 0.4125 0.02421875 0.01484375