2 0.50625 0.84375 0.02265625 0.028125
8 0.32578125 0.88359375 0.02109375 0.034375
1 0.5234375 0.6125 0.01875 0.0359375
4 0.84140625 0.43125 0.02578125 0.034375
6 0.64375 0.46875 0.02109375 0.0359375
6 0.4640625 0.50703125 0.0265625 0.03359375
6 0.49375 0.39296875 0.02109375 0.03359375
6 0.48828125 0.36640625 0.02109375 0.0375
6 0.5109375 0.3484375 0.02421875 0.03203125
6 0.5046875 0.31796875 0.021875 0.034375
6 0.53203125 0.33984375 0.02265625 0.0375
6 0.58515625 0.384375 0.02578125 0.0421875
6 0.81171875 0.39453125 0.0234375 0.0390625
6 0.86015625 0.375 0.028125 0.0359375
6 0.38125 0.43359375 0.02265625 0.0359375
0 0.50546875 0.25078125 0.02265625 0.03828125
7 0.3125 0.4984375 0.021875 0.0359375