8 0.59609375 0.1546875 0.02109375 0.03125
2 0.4859375 0.15078125 0.01796875 0.028125
3 0.34453125 0.10625 0.02421875 0.0296875
1 0.4953125 0.36328125 0.0234375 0.03984375
7 0.35546875 0.1734375 0.02578125 0.0390625
4 0.48359375 0.575 0.02421875 0.0421875
0 0.57734375 0.83671875 0.02578125 0.02890625
6 0.68671875 0.81484375 0.0265625 0.03984375
6 0.5140625 0.80546875 0.0234375 0.0390625
6 0.47109375 0.78671875 0.02421875 0.03984375
6 0.415625 0.784375 0.025 0.04140625
6 0.25703125 0.67265625 0.0265625 0.03984375
6 0.5640625 0.6734375 0.02265625 0.03671875
6 0.51953125 0.65625 0.0203125 0.03125
6 0.82109375 0.6296875 0.02734375 0.0421875
6 0.6640625 0.71796875 0.025 0.0421875
6 0.31171875 0.56484375 0.0234375 0.0375
6 0.42421875 0.62421875 0.0234375 0.03984375
6 0.35703125 0.56796875 0.0265625 0.04453125
6 0.50703125 0.634375 0.021875 0.03828125
6 0.52890625 0.6375 0.0203125 0.03125