3 0.39296875 0.15625 0.021875 0.03671875
2 0.49453125 0.15703125 0.02109375 0.02578125
8 0.59609375 0.15546875 0.021875 0.03203125
0 0.4953125 0.75 0.02421875 0.040625
1 0.49453125 0.3640625 0.02109375 0.02890625
6 0.5171875 0.6609375 0.02421875 0.03359375
6 0.49375 0.64921875 0.02265625 0.03359375
6 0.5265625 0.6375 0.025 0.03828125
6 0.50546875 0.6375 0.0171875 0.0296875
6 0.4828125 0.6359375 0.0265625 0.028125
6 0.46015625 0.63515625 0.02421875 0.0296875
6 0.515625 0.615625 0.02421875 0.02109375
6 0.49375 0.6171875 0.021875 0.0234375
6 0.471875 0.61640625 0.02421875 0.02265625
6 0.5046875 0.603125 0.02265625 0.0203125
6 0.484375 0.603125 0.0203125 0.0234375
4 0.49296875 0.58046875 0.02421875 0.02578125
6 0.6171875 0.57109375 0.0203125 0.03828125
6 0.47109375 0.653125 0.02265625 0.04140625
6 0.440625 0.6578125 0.028125 0.03828125
7 0.375 0.30859375 0.02265625 0.0359375