3 0.39453125 0.84453125 0.02265625 0.034375
8 0.5953125 0.84375 0.01953125 0.03203125
1 0.49453125 0.63515625 0.021875 0.0265625
2 0.48515625 0.84921875 0.0171875 0.028125
0 0.5390625 0.17734375 0.02734375 0.0375
6 0.4734375 0.38125 0.02109375 0.03046875
6 0.4890625 0.3953125 0.02265625 0.028125
6 0.496875 0.37421875 0.0234375 0.0359375
6 0.51875 0.34921875 0.0234375 0.03671875
6 0.54765625 0.33984375 0.02265625 0.0296875
6 0.384375 0.3546875 0.02421875 0.0421875
6 0.4328125 0.27578125 0.02265625 0.03359375
6 0.47421875 0.2671875 0.021875 0.03671875
4 0.490625 0.4328125 0.0265625 0.02265625
6 0.6421875 0.43515625 0.02421875 0.0375
6 0.41875 0.21640625 0.021875 0.03984375
6 0.5140625 0.42734375 0.01875 0.0328125
6 0.478125 0.41171875 0.021875 0.02734375
6 0.6875 0.18125 0.0234375 0.04296875
6 0.59765625 0.4421875 0.025 0.0296875
7 0.496875 0.80859375 0.01953125 0.03046875