8 0.4046875 0.84375 0.0234375 0.02890625
2 0.50546875 0.846875 0.01875 0.03203125
3 0.6546875 0.8953125 0.0234375 0.03359375
4 0.51640625 0.41953125 0.02578125 0.0390625
6 0.49296875 0.36640625 0.02109375 0.0375
6 0.47109375 0.359375 0.021875 0.0390625
6 0.48125 0.34296875 0.0234375 0.03046875
1 0.50390625 0.634375 0.02421875 0.03203125
6 0.18671875 0.45078125 0.02265625 0.0421875
6 0.58046875 0.86171875 0.02421875 0.03203125
6 0.57734375 0.378125 0.02421875 0.0390625
6 0.31171875 0.18359375 0.025 0.0359375
0 0.42109375 0.1671875 0.0265625 0.03046875
6 0.58359375 0.215625 0.0265625 0.03828125
6 0.66484375 0.34453125 0.025 0.04375
6 0.6421875 0.434375 0.02265625 0.03125
6 0.66328125 0.19296875 0.02734375 0.03359375
6 0.78515625 0.1625 0.03125 0.02734375
7 0.42890625 0.91484375 0.0234375 0.034375
6 0.43671875 0.6078125 0.0296875 0.0375