8 0.59609375 0.84296875 0.0203125 0.03203125
2 0.49453125 0.8453125 0.01875 0.0328125
3 0.39609375 0.84140625 0.0203125 0.03046875
1 0.4953125 0.63515625 0.021875 0.03671875
6 0.6953125 0.58203125 0.02109375 0.03359375
4 0.453125 0.57734375 0.021875 0.03359375
6 0.84921875 0.4609375 0.02578125 0.04140625
6 0.825 0.35703125 0.0234375 0.04140625
6 0.5078125 0.425 0.021875 0.03828125
0 0.6640625 0.20390625 0.02578125 0.0421875
6 0.6625 0.26875 0.025 0.0375
6 0.64609375 0.2828125 0.02265625 0.0390625
6 0.48046875 0.22109375 0.028125 0.0421875
6 0.796875 0.24921875 0.028125 0.04296875
6 0.5328125 0.390625 0.021875 0.0359375
6 0.51796875 0.37734375 0.0203125 0.0296875
6 0.49765625 0.3828125 0.0203125 0.03125
6 0.49296875 0.35859375 0.02109375 0.0328125
6 0.55390625 0.359375 0.02265625 0.0375
7 0.28671875 0.65 0.02421875 0.040625
6 0.64296875 0.1875 0.0234375 0.04140625