2 0.50546875 0.846875 0.01875 0.03203125
4 0.51640625 0.41953125 0.02578125 0.0390625
6 0.49296875 0.36640625 0.02109375 0.0375
6 0.47109375 0.359375 0.021875 0.0390625
6 0.48125 0.34296875 0.0234375 0.03046875
6 0.584375 0.2140625 0.0265625 0.0390625
6 0.66171875 0.1921875 0.02734375 0.0421875
6 0.784375 0.16484375 0.02734375 0.02734375
3 0.67578125 0.9515625 0.02109375 0.0296875
8 0.3953125 0.85234375 0.01953125 0.025
6 0.7625 0.303125 0.0265625 0.03828125
1 0.475 0.50234375 0.0265625 0.03359375
6 0.6078125 0.20078125 0.02421875 0.0453125
6 0.7671875 0.44296875 0.02265625 0.03828125
6 0.7046875 0.29453125 0.02890625 0.040625
6 0.63515625 0.43828125 0.02578125 0.0421875
6 0.4546875 0.296875 0.03046875 0.03515625
6 0.4796875 0.26171875 0.028125 0.0328125
0 0.62421875 0.165625 0.025 0.034375
7 0.65703125 0.9453125 0.02109375 0.0328125