8 0.59609375 0.8453125 0.02109375 0.03125
3 0.34453125 0.89375 0.02421875 0.0296875
7 0.6125 0.3265625 0.02890625 0.0515625
4 0.48359375 0.425 0.02421875 0.0421875
0 0.57734375 0.16328125 0.02578125 0.02890625
6 0.68671875 0.18515625 0.0265625 0.03984375
6 0.33984375 0.19375 0.02578125 0.04140625
6 0.33671875 0.34765625 0.02421875 0.03984375
6 0.415625 0.215625 0.025 0.04140625
2 0.4953125 0.84453125 0.021875 0.0359375
6 0.7953125 0.5796875 0.0234375 0.040625
6 0.51953125 0.34375 0.0203125 0.03125
6 0.81328125 0.45390625 0.02734375 0.0421875
6 0.52890625 0.73359375 0.025 0.0359375
6 0.21484375 0.1625 0.025 0.03125
6 0.42421875 0.37578125 0.0234375 0.03984375
6 0.35703125 0.43203125 0.0265625 0.04453125
6 0.50703125 0.365625 0.021875 0.03828125
6 0.52890625 0.3625 0.0203125 0.03125
1 0.496875 0.63515625 0.021875 0.03671875