3 0.60390625 0.15546875 0.02109375 0.0328125
8 0.4046875 0.15625 0.01953125 0.03046875
4 0.50703125 0.571875 0.01953125 0.03046875
6 0.49140625 0.60390625 0.01953125 0.0375
6 0.51015625 0.59609375 0.02109375 0.034375
6 0.6578125 0.55625 0.0234375 0.034375
6 0.8546875 0.65859375 0.025 0.04140625
6 0.4265625 0.5875 0.021875 0.03203125
6 0.15859375 0.60390625 0.02578125 0.034375
6 0.56796875 0.25546875 0.02109375 0.0375
2 0.5375 0.0984375 0.0234375 0.03046875
7 0.45546875 0.23125 0.02109375 0.034375
0 0.50390625 0.74921875 0.02578125 0.0375