8 0.59609375 0.15390625 0.02109375 0.03203125
2 0.49453125 0.1578125 0.01953125 0.03125
3 0.39609375 0.15546875 0.0203125 0.03203125
6 0.4515625 0.6765625 0.02265625 0.03359375
1 0.49375 0.36640625 0.02265625 0.03515625
6 0.625 0.815625 0.0265625 0.0375
6 0.50546875 0.63828125 0.0234375 0.03515625
6 0.5453125 0.6515625 0.02421875 0.03671875
6 0.4328125 0.60625 0.02578125 0.03984375
6 0.48359375 0.6359375 0.0234375 0.034375
6 0.52734375 0.63828125 0.02265625 0.03359375
4 0.496875 0.565625 0.025 0.02265625
7 0.384375 0.64921875 0.0265625 0.03984375
6 0.515625 0.61640625 0.02265625 0.01640625
6 0.49375 0.6171875 0.01953125 0.0171875
6 0.48125 0.60703125 0.02421875 0.03046875
6 0.5046875 0.60234375 0.02265625 0.01796875
6 0.49609375 0.5890625 0.021875 0.01796875