8 0.59375 0.8453125 0.02109375 0.03203125
2 0.49453125 0.84375 0.0203125 0.03203125
1 0.49296875 0.63203125 0.0234375 0.0328125
6 0.11328125 0.17890625 0.025 0.04609375
6 0.62578125 0.18203125 0.0265625 0.0421875
6 0.45546875 0.32109375 0.02578125 0.03828125
6 0.5234375 0.315625 0.02578125 0.0375
6 0.50234375 0.325 0.02109375 0.03515625
6 0.434375 0.3953125 0.02421875 0.03828125
6 0.528125 0.3625 0.021875 0.02890625
6 0.50625 0.36484375 0.0234375 0.02890625
6 0.51484375 0.38515625 0.02578125 0.01640625
6 0.49375 0.3859375 0.025 0.0203125
6 0.384375 0.3890625 0.02265625 0.03828125
0 0.4953125 0.2484375 0.025 0.04609375
4 0.49609375 0.43359375 0.025 0.02109375
6 0.48359375 0.3640625 0.02265625 0.0296875
7 0.33203125 0.315625 0.02734375 0.04296875
3 0.3953125 0.84375 0.02109375 0.0265625
6 0.48125 0.3953125 0.0234375 0.02578125
6 0.5046875 0.39921875 0.025 0.0140625
6 0.496875 0.41328125 0.02578125 0.01484375