3 0.39296875 0.15625 0.021875 0.03671875
2 0.49453125 0.15703125 0.02109375 0.02578125
8 0.59609375 0.15546875 0.021875 0.03203125
1 0.4953125 0.365625 0.0203125 0.03359375
6 0.6109375 0.58984375 0.021875 0.03515625
6 0.55078125 0.5953125 0.0265625 0.034375
6 0.58359375 0.63359375 0.0265625 0.0390625
6 0.50546875 0.6375 0.0265625 0.0359375
6 0.48203125 0.6390625 0.02265625 0.03671875
6 0.5234375 0.5765625 0.0234375 0.034375
6 0.49453125 0.5484375 0.02421875 0.02890625
6 0.4671875 0.57265625 0.0234375 0.03515625
7 0.48984375 0.6015625 0.02421875 0.03203125
4 0.53046875 0.6859375 0.02109375 0.03671875