2 0.50625 0.15625 0.02265625 0.028125
8 0.32578125 0.11640625 0.02109375 0.034375
1 0.5234375 0.3875 0.01875 0.0359375
4 0.84140625 0.56875 0.02578125 0.034375
6 0.64375 0.53125 0.02109375 0.0359375
6 0.4640625 0.49296875 0.0265625 0.03359375
6 0.49375 0.60703125 0.02109375 0.03359375
6 0.48828125 0.63359375 0.02109375 0.0375
6 0.58515625 0.615625 0.02578125 0.0421875
6 0.81171875 0.60546875 0.0234375 0.0390625
6 0.86015625 0.625 0.028125 0.0359375
3 0.60546875 0.15546875 0.02265625 0.034375
7 0.4078125 0.54296875 0.025 0.0421875
6 0.69140625 0.6515625 0.02890625 0.03515625
6 0.578125 0.525 0.02421875 0.028125