2 0.49453125 0.846875 0.01875 0.03203125
6 0.50703125 0.36640625 0.02109375 0.0375
6 0.52890625 0.359375 0.021875 0.0390625
3 0.3953125 0.84375 0.021875 0.02421875
8 0.59609375 0.84453125 0.021875 0.02578125
1 0.49453125 0.6375 0.02109375 0.03125
7 0.70703125 0.5140625 0.0234375 0.03515625
4 0.4953125 0.42890625 0.0234375 0.02734375
6 0.434375 0.396875 0.025 0.03515625
6 0.3828125 0.3875 0.025 0.0375
6 0.62578125 0.1859375 0.02734375 0.0390625
6 0.525 0.31796875 0.0203125 0.0375
6 0.50390625 0.325 0.0234375 0.04140625
6 0.48515625 0.3609375 0.0234375 0.0390625
6 0.453125 0.3234375 0.021875 0.0359375
6 0.4828125 0.38984375 0.0234375 0.03203125
6 0.50625 0.3890625 0.01953125 0.028125
0 0.49453125 0.24921875 0.02578125 0.04296875