2 0.49453125 0.846875 0.01875 0.03203125
7 0.75625 0.83984375 0.0203125 0.0296875
3 0.3953125 0.84296875 0.02109375 0.0265625
1 0.49296875 0.6375 0.0203125 0.028125
8 0.79765625 0.62265625 0.0203125 0.0359375
6 0.85625 0.4046875 0.02265625 0.040625
6 0.61015625 0.41171875 0.028125 0.0390625
6 0.634375 0.3203125 0.028125 0.0359375
6 0.5515625 0.4046875 0.025 0.0375
6 0.49375 0.45 0.02578125 0.034375
6 0.46953125 0.42734375 0.0234375 0.0359375
4 0.49453125 0.41328125 0.02265625 0.0390625
0 0.496875 0.253125 0.025 0.0359375