8 0.59609375 0.15546875 0.02109375 0.0296875
2 0.49453125 0.15546875 0.0203125 0.0296875
3 0.39453125 0.15546875 0.0203125 0.02890625
4 0.453125 0.4265625 0.0234375 0.034375
6 0.82734375 0.64140625 0.0265625 0.040625
6 0.6953125 0.4203125 0.02265625 0.028125
6 0.6625 0.73046875 0.02578125 0.0375
6 0.84921875 0.5359375 0.021875 0.03828125
6 0.590625 0.65 0.02265625 0.03828125
6 0.53515625 0.63203125 0.02421875 0.03359375
6 0.53203125 0.60703125 0.02421875 0.03203125
6 0.5015625 0.6125 0.021875 0.03359375
6 0.49375 0.63828125 0.021875 0.03984375
6 0.47890625 0.778125 0.02109375 0.03984375
6 0.6484375 0.71796875 0.02265625 0.03671875
6 0.64765625 0.81328125 0.0234375 0.03671875
0 0.66328125 0.7921875 0.02265625 0.0375
7 0.271875 0.63046875 0.028125 0.0421875
1 0.28359375 0.0453125 0.021875 0.03125