8 0.403125 0.84375 0.02421875 0.03046875
1 0.50390625 0.63515625 0.02109375 0.03359375
7 0.6640625 0.9359375 0.021875 0.0234375
3 0.6046875 0.84453125 0.02109375 0.03046875
2 0.50546875 0.84453125 0.01875 0.02734375
4 0.50546875 0.41875 0.02265625 0.034375
0 0.50390625 0.25234375 0.025 0.0390625
6 0.53125 0.4296875 0.021875 0.03515625
6 0.50546875 0.45234375 0.02109375 0.02890625
6 0.44921875 0.40234375 0.021875 0.03828125
6 0.3890625 0.41015625 0.025 0.0328125
6 0.36484375 0.321875 0.0234375 0.04296875
6 0.1453125 0.4078125 0.0234375 0.03671875