8 0.40390625 0.15546875 0.02109375 0.0296875
2 0.50546875 0.15546875 0.0203125 0.0296875
3 0.60546875 0.15546875 0.0203125 0.02890625
4 0.546875 0.4265625 0.0234375 0.034375
6 0.3046875 0.4203125 0.02265625 0.028125
6 0.409375 0.65 0.02265625 0.03828125
6 0.46484375 0.63203125 0.02421875 0.03359375
6 0.46796875 0.60703125 0.02421875 0.03203125
6 0.3515625 0.7203125 0.02109375 0.040625
6 0.33671875 0.7328125 0.02265625 0.0359375
6 0.35390625 0.82109375 0.02265625 0.03203125
0 0.3359375 0.79375 0.025 0.0328125
6 0.153125 0.53984375 0.0234375 0.03984375
6 0.1765625 0.64453125 0.02421875 0.04296875
6 0.4921875 0.57265625 0.0265625 0.0375
1 0.71875 0.0484375 0.01875 0.03359375
7 0.2984375 0.47109375 0.0265625 0.0375