8 0.40390625 0.84453125 0.02265625 0.0328125
2 0.50625 0.84140625 0.01875 0.02734375
7 0.79140625 0.825 0.0234375 0.03515625
3 0.60546875 0.84375 0.01796875 0.0296875
1 0.50625 0.6328125 0.01953125 0.034375
6 0.50546875 0.44921875 0.02421875 0.03203125
0 0.50390625 0.25078125 0.0265625 0.0390625
6 0.51875 0.30859375 0.02421875 0.03671875
6 0.36640625 0.32265625 0.02578125 0.04453125
6 0.4484375 0.40078125 0.02265625 0.03828125
6 0.14453125 0.40546875 0.02578125 0.0390625
6 0.53203125 0.4265625 0.02109375 0.03671875
4 0.50546875 0.4140625 0.02578125 0.03984375
6 0.3890625 0.40859375 0.0265625 0.0390625