3 0.60546875 0.15546875 0.02265625 0.034375
8 0.4046875 0.15625 0.01953125 0.03203125
1 0.50546875 0.36484375 0.021875 0.0265625
2 0.51484375 0.15078125 0.0171875 0.028125
6 0.4078125 0.6171875 0.025 0.03515625
4 0.50625 0.57890625 0.025 0.02421875
0 0.4609375 0.82265625 0.02734375 0.0375
7 0.65625 0.72734375 0.0265625 0.04609375
6 0.56640625 0.62734375 0.02109375 0.03203125
6 0.53515625 0.66796875 0.01953125 0.03671875
6 0.53984375 0.6359375 0.02265625 0.0328125
6 0.5265625 0.61875 0.02109375 0.03046875
6 0.5109375 0.6046875 0.02265625 0.028125
6 0.5046875 0.640625 0.01875 0.02734375
6 0.50390625 0.665625 0.02265625 0.0296875
6 0.46953125 0.66328125 0.025 0.034375
6 0.44921875 0.63515625 0.02265625 0.0390625
6 0.47109375 0.60234375 0.02109375 0.02734375
6 0.4703125 0.62109375 0.0234375 0.0296875
6 0.47265625 0.6421875 0.0203125 0.0296875