3 0.39375 0.84296875 0.02265625 0.0328125
2 0.49296875 0.84375 0.0203125 0.03046875
8 0.59609375 0.84453125 0.0234375 0.03203125
1 0.49375 0.63359375 0.02109375 0.03359375
7 0.4578125 0.16875 0.0296875 0.0359375
6 0.6265625 0.184375 0.02578125 0.040625
4 0.49765625 0.3484375 0.0234375 0.034375
6 0.52734375 0.36171875 0.02421875 0.03828125
6 0.48125 0.36171875 0.025 0.0328125
6 0.50546875 0.3640625 0.0203125 0.03125
6 0.51796875 0.38359375 0.021875 0.0234375
6 0.49453125 0.38359375 0.02578125 0.01875
6 0.4828125 0.3921875 0.021875 0.03125
6 0.50625 0.396875 0.02421875 0.01640625
6 0.4953125 0.409375 0.0296875 0.01875