8 0.4046875 0.15625 0.02109375 0.0328125
2 0.50625 0.1578125 0.02109375 0.03203125
3 0.60703125 0.1578125 0.021875 0.03359375
6 0.54765625 0.67734375 0.0234375 0.040625
6 0.496875 0.67734375 0.02265625 0.0359375
6 0.4953125 0.63828125 0.021875 0.034375
6 0.565625 0.60703125 0.02421875 0.03984375
1 0.50625 0.36484375 0.02421875 0.03828125
0 0.5046875 0.7484375 0.0265625 0.040625
6 0.4765625 0.68671875 0.0265625 0.03828125
6 0.3734375 0.8171875 0.0234375 0.03828125
6 0.61484375 0.61328125 0.0234375 0.03828125
4 0.50390625 0.56796875 0.028125 0.02734375
6 0.47109375 0.63828125 0.025 0.03828125
6 0.728125 0.66796875 0.025 0.04140625
6 0.5171875 0.63828125 0.02265625 0.0359375
6 0.48515625 0.61484375 0.02109375 0.01640625
6 0.5078125 0.61640625 0.0265625 0.01875
6 0.4953125 0.60078125 0.0234375 0.01484375
6 0.51796875 0.6078125 0.02265625 0.02734375
6 0.50390625 0.58828125 0.02578125 0.0140625