8 0.4046875 0.15625 0.02109375 0.0328125
2 0.50625 0.1578125 0.02109375 0.03203125
3 0.60703125 0.1578125 0.021875 0.03359375
7 0.546875 0.82265625 0.02890625 0.046875
6 0.4953125 0.63828125 0.02265625 0.0359375
6 0.471875 0.63828125 0.025 0.03671875
6 0.51875 0.6390625 0.02265625 0.0359375
6 0.51953125 0.6078125 0.0203125 0.03203125
1 0.50625 0.36640625 0.02421875 0.03828125
6 0.3734375 0.8140625 0.0265625 0.03828125
4 0.50390625 0.65078125 0.02734375 0.03671875
6 0.48359375 0.61328125 0.028125 0.0171875
6 0.50703125 0.61484375 0.02421875 0.01875
6 0.49453125 0.6 0.02734375 0.0171875
6 0.50390625 0.5875 0.02421875 0.01484375