8 0.4046875 0.15390625 0.02109375 0.03046875
2 0.50625 0.15703125 0.01796875 0.0296875
3 0.60859375 0.15625 0.025 0.03046875
1 0.5046875 0.3671875 0.0203125 0.03359375
6 0.8515625 0.6546875 0.02421875 0.0359375
0 0.50625 0.75078125 0.025 0.04140625
0 0.50703125 0.575 0.02421875 0.0234375
7 0.29921875 0.60546875 0.0265625 0.03984375
6 0.42109375 0.82265625 0.0265625 0.04375
6 0.48125 0.659375 0.02421875 0.03828125
6 0.50546875 0.6515625 0.025 0.03515625
6 0.54765625 0.65859375 0.02421875 0.040625
6 0.471875 0.6359375 0.025 0.03203125
6 0.49453125 0.63125 0.021875 0.02109375
6 0.5171875 0.6375 0.01953125 0.03125
6 0.53984375 0.63359375 0.02265625 0.025
6 0.484375 0.615625 0.02578125 0.01796875
6 0.50703125 0.6171875 0.01875 0.015625
6 0.52890625 0.61484375 0.02421875 0.01484375
6 0.49453125 0.603125 0.02109375 0.0171875
6 0.51796875 0.6015625 0.02265625 0.01640625
6 0.50546875 0.5890625 0.028125 0.015625