8 0.17421875 0.440625 0.02265625 0.03671875
2 0.50546875 0.15703125 0.01953125 0.0296875
3 0.6046875 0.1578125 0.01875 0.0359375
1 0.50546875 0.36484375 0.02265625 0.0359375
7 0.14140625 0.57109375 0.02421875 0.03828125
6 0.15234375 0.60703125 0.0265625 0.04140625
0 0.5046875 0.74921875 0.02578125 0.040625
4 0.46328125 0.81953125 0.0296875 0.0421875
6 0.365625 0.678125 0.02734375 0.0390625
6 0.38984375 0.590625 0.025 0.04296875
6 0.45 0.59921875 0.025 0.04296875
6 0.47578125 0.58359375 0.021875 0.03984375