8 0.40390625 0.15546875 0.02109375 0.0296875
2 0.50546875 0.15546875 0.0203125 0.0296875
3 0.60546875 0.15546875 0.0203125 0.02890625
1 0.5046875 0.36640625 0.02109375 0.03984375
4 0.50390625 0.56953125 0.02578125 0.02421875
7 0.44375 0.621875 0.025 0.04453125
0 0.50390625 0.74921875 0.02578125 0.03984375
6 0.3734375 0.81328125 0.025 0.0375
6 0.50390625 0.59140625 0.02421875 0.02265625
6 0.49453125 0.6078125 0.02578125 0.01953125
6 0.5171875 0.609375 0.025 0.0328125
6 0.484375 0.61875 0.02421875 0.01875
6 0.50625 0.615625 0.021875 0.01484375
6 0.471875 0.634375 0.0234375 0.03203125
6 0.49296875 0.634375 0.0203125 0.03359375
6 0.5171875 0.63515625 0.03046875 0.03984375
6 0.5640625 0.6046875 0.02734375 0.0359375