8 0.40390625 0.84453125 0.02109375 0.0296875
2 0.50546875 0.84453125 0.0203125 0.0296875
3 0.60546875 0.84453125 0.0203125 0.02890625
1 0.5046875 0.63125 0.0203125 0.04296875
7 0.475 0.45625 0.0265625 0.0359375
0 0.50234375 0.253125 0.0234375 0.0359375
6 0.375 0.18515625 0.03046875 0.03984375
6 0.56640625 0.39765625 0.0265625 0.0375
6 0.503125 0.4109375 0.02265625 0.01796875
6 0.5171875 0.39296875 0.02421875 0.02734375
6 0.49375 0.39765625 0.02578125 0.01484375
6 0.4828125 0.38515625 0.01953125 0.01484375
6 0.50546875 0.38515625 0.02578125 0.01953125
6 0.471875 0.365625 0.02734375 0.034375
6 0.4953125 0.365625 0.0203125 0.03515625
6 0.5171875 0.36484375 0.0234375 0.03515625