8 0.5953125 0.15625 0.02109375 0.0328125
2 0.49375 0.1578125 0.02109375 0.03203125
3 0.39296875 0.1578125 0.021875 0.03359375
7 0.271875 0.0828125 0.028125 0.0375
6 0.49296875 0.6390625 0.02265625 0.0359375
6 0.5375 0.63203125 0.025 0.03671875
6 0.53203125 0.60859375 0.02578125 0.0328125
6 0.5015625 0.6125 0.02421875 0.03046875
1 0.2921875 0.05390625 0.02421875 0.03828125
0 0.52265625 0.71953125 0.0265625 0.040625
6 0.72578125 0.6765625 0.02734375 0.03828125
4 0.4953125 0.5828125 0.02890625 0.03828125
6 0.5703125 0.45 0.02578125 0.03828125
6 0.58984375 0.653125 0.021875 0.03984375