8 0.59609375 0.1546875 0.02109375 0.03125
3 0.34453125 0.10625 0.02421875 0.0296875
7 0.6203125 0.05234375 0.0234375 0.034375
6 0.33984375 0.80625 0.02578125 0.04140625
6 0.33671875 0.65234375 0.02421875 0.03984375
2 0.4953125 0.15546875 0.021875 0.0359375
6 0.41953125 0.1390625 0.0203125 0.02890625
6 0.81328125 0.54609375 0.02734375 0.0421875
6 0.37578125 0.18359375 0.0234375 0.0359375
6 0.42421875 0.62421875 0.0234375 0.03984375
6 0.35703125 0.56796875 0.0265625 0.04453125
1 0.496875 0.36484375 0.021875 0.03671875
6 0.2171875 0.83671875 0.02109375 0.03125
6 0.6859375 0.8140625 0.0234375 0.03984375