2 0.50625 0.84375 0.02265625 0.028125
3 0.60546875 0.84453125 0.02265625 0.034375
8 0.3265625 0.88203125 0.01953125 0.0296875
1 0.52265625 0.61171875 0.02109375 0.040625
6 0.4625 0.51015625 0.021875 0.0328125
6 0.64296875 0.4671875 0.0265625 0.03515625
6 0.690625 0.34453125 0.028125 0.03828125
0 0.50390625 0.25234375 0.02109375 0.034375
6 0.81328125 0.396875 0.0234375 0.03046875
6 0.85859375 0.375 0.02421875 0.03359375
4 0.840625 0.428125 0.0234375 0.03515625
7 0.640625 0.2921875 0.02265625 0.0453125