2 0.50546875 0.846875 0.01875 0.03203125
1 0.50625 0.6328125 0.021875 0.0328125
7 0.73359375 0.90703125 0.01953125 0.03046875
3 0.60390625 0.84453125 0.01953125 0.02734375
8 0.54296875 0.8203125 0.02109375 0.03203125
6 0.38828125 0.409375 0.02578125 0.0390625
6 0.365625 0.32265625 0.02421875 0.040625
6 0.15234375 0.3875 0.028125 0.0421875
6 0.4484375 0.403125 0.02578125 0.0421875
6 0.475 0.41796875 0.02109375 0.03515625
0 0.503125 0.25078125 0.0234375 0.03515625
4 0.4640625 0.1796875 0.03046875 0.0453125