1 0.49296875 0.36328125 0.02265625 0.03359375
3 0.39453125 0.15625 0.0234375 0.03203125
2 0.49453125 0.1546875 0.02265625 0.03359375
8 0.59609375 0.15390625 0.02109375 0.0328125
6 0.61015625 0.59140625 0.02578125 0.0390625
7 0.490625 0.60390625 0.0265625 0.034375
6 0.584375 0.63203125 0.0265625 0.03828125
6 0.5234375 0.5765625 0.02421875 0.03671875
6 0.55 0.5953125 0.02421875 0.03671875
4 0.5296875 0.68515625 0.02734375 0.03828125
6 0.4953125 0.5484375 0.0234375 0.0375
6 0.46953125 0.57109375 0.025 0.0375
6 0.50625 0.63671875 0.0234375 0.0375
6 0.4828125 0.63671875 0.021875 0.0359375