6 0.428125 0.55078125 0.02421875 0.03046875
1 0.70703125 0.94140625 0.015625 0.0328125
3 0.60703125 0.84375 0.021875 0.03671875
2 0.50546875 0.84296875 0.02109375 0.02578125
8 0.40390625 0.84453125 0.021875 0.03203125
6 0.15078125 0.4640625 0.028125 0.0390625
6 0.4625 0.37109375 0.021875 0.03203125
6 0.46875 0.390625 0.021875 0.0375
6 0.49375 0.3828125 0.02421875 0.0375
4 0.50703125 0.4203125 0.025 0.0375
6 0.23671875 0.3546875 0.021875 0.0375
6 0.15390625 0.31171875 0.02578125 0.0328125
7 0.36484375 0.42734375 0.025 0.0375