8 0.4046875 0.15625 0.0234375 0.02890625
2 0.50546875 0.153125 0.01875 0.03203125
3 0.6546875 0.1046875 0.0234375 0.03359375
4 0.51640625 0.58046875 0.02578125 0.0390625
6 0.64375 0.565625 0.02578125 0.040625
6 0.49296875 0.63359375 0.02109375 0.0375
6 0.47109375 0.640625 0.021875 0.0390625
6 0.48125 0.65703125 0.0234375 0.03046875
1 0.50390625 0.365625 0.02421875 0.03203125
6 0.784375 0.8359375 0.025 0.03125
6 0.6625 0.6578125 0.021875 0.0421875
6 0.4703125 0.26796875 0.02421875 0.03671875
6 0.18671875 0.54921875 0.02265625 0.0421875
6 0.57734375 0.621875 0.02421875 0.0375
6 0.5828125 0.78203125 0.021875 0.04375
6 0.6609375 0.8046875 0.02890625 0.0421875
6 0.58046875 0.13828125 0.02421875 0.03203125
7 0.428125 0.421875 0.02578125 0.04296875