8 0.5953125 0.84296875 0.01953125 0.03515625
2 0.49375 0.84296875 0.0203125 0.0296875
3 0.39375 0.84453125 0.01875 0.0296875
7 0.178125 0.39140625 0.02421875 0.04296875
1 0.49375 0.63359375 0.0234375 0.03515625
0 0.4953125 0.24921875 0.025 0.0375
6 0.6109375 0.41328125 0.0234375 0.0375
6 0.5515625 0.40390625 0.021875 0.0359375
6 0.50546875 0.36171875 0.02421875 0.03515625
6 0.48203125 0.36171875 0.02265625 0.03671875
6 0.58515625 0.3671875 0.02421875 0.03515625
6 0.4953125 0.4515625 0.02421875 0.03359375
6 0.46953125 0.4296875 0.0265625 0.03203125