3 0.60625 0.15703125 0.02265625 0.0328125
2 0.50703125 0.15625 0.0203125 0.03046875
8 0.40390625 0.15546875 0.0234375 0.03203125
6 0.37421875 0.815625 0.02421875 0.0375
6 0.47265625 0.6375 0.02578125 0.03359375
6 0.496875 0.63515625 0.02109375 0.03359375
6 0.5171875 0.6375 0.02421875 0.0359375
6 0.5171875 0.6078125 0.025 0.03828125
6 0.5046875 0.58828125 0.0203125 0.02109375
6 0.48203125 0.61796875 0.02265625 0.0234375
6 0.5078125 0.615625 0.03046875 0.0203125
6 0.4953125 0.603125 0.0203125 0.02109375
4 0.50234375 0.65234375 0.025 0.04140625
7 0.54453125 0.8234375 0.02890625 0.040625
1 0.50625 0.36484375 0.01953125 0.034375