3 0.60546875 0.15546875 0.02265625 0.034375
8 0.4046875 0.15625 0.01953125 0.03203125
1 0.50546875 0.36484375 0.021875 0.0265625
2 0.51484375 0.15078125 0.0171875 0.028125
6 0.36015625 0.565625 0.025 0.03125
6 0.40390625 0.55390625 0.02421875 0.0359375
6 0.31328125 0.81640625 0.02578125 0.0359375
6 0.58515625 0.78515625 0.02421875 0.0375
6 0.56953125 0.72578125 0.0265625 0.03984375
6 0.484375 0.575 0.02734375 0.03203125
6 0.45078125 0.6578125 0.02265625 0.0375
6 0.47265625 0.6375 0.0203125 0.0296875
6 0.48046875 0.65234375 0.0203125 0.03125
6 0.503125 0.6234375 0.0203125 0.0296875
6 0.52890625 0.62265625 0.02265625 0.03125
6 0.52109375 0.590625 0.0265625 0.0359375
4 0.51328125 0.56875 0.02265625 0.03203125
6 0.496875 0.8375 0.02890625 0.02109375
0 0.428125 0.83671875 0.0265625 0.025
7 0.45390625 0.3546875 0.0265625 0.0390625
6 0.30703125 0.740625 0.028125 0.0328125