8 0.59609375 0.15546875 0.02109375 0.0296875
2 0.49453125 0.15546875 0.0203125 0.0296875
3 0.39453125 0.15546875 0.0203125 0.02890625
1 0.4953125 0.36640625 0.02109375 0.03984375
4 0.46875 0.4875 0.025 0.0375
7 0.4484375 0.68671875 0.0234375 0.03515625
6 0.1375 0.67578125 0.0265625 0.0390625
6 0.29140625 0.55859375 0.02109375 0.04140625
6 0.378125 0.653125 0.02421875 0.0390625
6 0.428125 0.653125 0.021875 0.0390625
6 0.41015625 0.60859375 0.02265625 0.03203125
6 0.4921875 0.65546875 0.02109375 0.034375
6 0.503125 0.6390625 0.021875 0.0375
6 0.52578125 0.6625 0.025 0.03515625
6 0.49765625 0.61484375 0.0203125 0.03046875
6 0.5203125 0.62265625 0.0234375 0.0328125
6 0.75234375 0.64375 0.0265625 0.03671875
6 0.77890625 0.5078125 0.0234375 0.03046875
6 0.50625 0.575 0.021875 0.03046875
6 0.5046875 0.553125 0.02265625 0.0296875