2 0.50625 0.15625 0.02265625 0.028125
0 0.503125 0.74765625 0.025 0.03203125
8 0.32578125 0.11640625 0.02109375 0.034375
1 0.5234375 0.3875 0.01875 0.0359375
4 0.84140625 0.5734375 0.02578125 0.04375
6 0.8109375 0.60390625 0.02578125 0.034375
6 0.85703125 0.62578125 0.02421875 0.03984375
6 0.64375 0.53125 0.02109375 0.0359375
6 0.4640625 0.49296875 0.0265625 0.03359375
6 0.38125 0.5703125 0.021875 0.0375
6 0.49375 0.60703125 0.02109375 0.03359375
6 0.48828125 0.63359375 0.02109375 0.0375
6 0.5109375 0.6515625 0.02421875 0.03203125
6 0.5046875 0.68203125 0.021875 0.034375
6 0.53203125 0.66015625 0.02265625 0.0375
6 0.58515625 0.615625 0.02578125 0.0421875
7 0.39296875 0.2890625 0.0234375 0.03828125
3 0.6046875 0.15703125 0.0203125 0.03125