2 0.4953125 0.15625 0.0203125 0.03046875
0 0.49609375 0.7484375 0.0265625 0.03359375
8 0.596875 0.15546875 0.0203125 0.03046875
3 0.39609375 0.15546875 0.021875 0.02578125
1 0.49375 0.3671875 0.02109375 0.0359375
7 0.34609375 0.52578125 0.02578125 0.03828125
6 0.46875 0.57109375 0.021875 0.0359375
6 0.4953125 0.55 0.021875 0.03984375
6 0.61015625 0.58828125 0.0234375 0.0359375
6 0.58359375 0.6328125 0.02578125 0.0421875
6 0.5515625 0.596875 0.02265625 0.034375
6 0.50625 0.6375 0.025 0.03359375
6 0.48203125 0.63828125 0.0265625 0.0359375