8 0.3953125 0.1453125 0.02265625 0.03125
3 0.67578125 0.04765625 0.02421875 0.0296875
7 0.721875 0.03515625 0.02265625 0.03671875
4 0.51640625 0.575 0.02421875 0.0421875
6 0.66015625 0.80625 0.02578125 0.04140625
6 0.7328125 0.68515625 0.02421875 0.03984375
6 0.584375 0.784375 0.025 0.04140625
2 0.5046875 0.15546875 0.021875 0.0359375
6 0.625 0.73125 0.0265625 0.0484375
6 0.48046875 0.65625 0.0203125 0.03125
6 0.18671875 0.54609375 0.02734375 0.0421875
6 0.43515625 0.39140625 0.0234375 0.0359375
6 0.57578125 0.62421875 0.0234375 0.03984375
6 0.64296875 0.56796875 0.0265625 0.04453125
6 0.49296875 0.634375 0.021875 0.03828125
6 0.47109375 0.6375 0.0203125 0.03125
1 0.58046875 0.47578125 0.02421875 0.03828125
6 0.78515625 0.83671875 0.025 0.03125
0 0.4234375 0.834375 0.02734375 0.03515625
6 0.3140625 0.8140625 0.0234375 0.03984375