8 0.6046875 0.1453125 0.02265625 0.03125
3 0.32421875 0.04765625 0.02421875 0.0296875
7 0.84140625 0.75234375 0.02734375 0.040625
4 0.48359375 0.575 0.02421875 0.0421875
6 0.33984375 0.80625 0.02578125 0.04140625
6 0.24140625 0.69609375 0.02578125 0.03984375
6 0.415625 0.784375 0.025 0.04140625
2 0.4953125 0.15546875 0.021875 0.0359375
6 0.3921875 0.80078125 0.0265625 0.0484375
6 0.51953125 0.65625 0.0203125 0.03125
6 0.63359375 0.584375 0.02265625 0.03671875
6 0.56484375 0.39140625 0.0234375 0.0359375
6 0.42421875 0.62421875 0.0234375 0.03984375
6 0.35703125 0.56796875 0.0265625 0.04453125
6 0.50703125 0.634375 0.021875 0.03828125
6 0.52890625 0.6375 0.0203125 0.03125
1 0.5265625 0.50078125 0.02421875 0.03828125
6 0.21484375 0.83671875 0.025 0.03125
0 0.5765625 0.834375 0.02734375 0.03515625
6 0.6859375 0.8140625 0.0234375 0.03984375