8 0.5953125 0.15625 0.02109375 0.0328125
2 0.49375 0.1578125 0.02109375 0.03203125
3 0.3953125 0.1578125 0.021875 0.03359375
6 0.646875 0.81640625 0.02890625 0.04296875
7 0.51640625 0.4 0.02578125 0.04140625
6 0.69453125 0.41875 0.025 0.0359375
6 0.58828125 0.65625 0.025 0.03671875
6 0.48046875 0.77734375 0.02421875 0.03828125
6 0.49296875 0.6390625 0.02265625 0.0359375
6 0.66328125 0.73359375 0.0296875 0.0390625
6 0.5375 0.63203125 0.025 0.03671875
6 0.53203125 0.60859375 0.02578125 0.0328125
6 0.646875 0.71640625 0.025 0.034375
4 0.45234375 0.42109375 0.0296875 0.04375
6 0.5015625 0.6125 0.02421875 0.03046875
6 0.82578125 0.64375 0.02578125 0.04296875
6 0.8484375 0.5359375 0.0265625 0.040625
1 0.4953125 0.36640625 0.02421875 0.03828125
0 0.66484375 0.79296875 0.02734375 0.0421875
6 0.50703125 0.5734375 0.0234375 0.0375