3 0.39296875 0.84375 0.021875 0.03671875
2 0.49453125 0.84296875 0.02109375 0.02578125
8 0.59609375 0.84453125 0.021875 0.03203125
0 0.4953125 0.25 0.02421875 0.040625
1 0.49453125 0.6359375 0.02109375 0.02890625
4 0.49296875 0.41953125 0.02421875 0.02578125
6 0.6171875 0.42890625 0.0203125 0.03828125
6 0.51796875 0.334375 0.02265625 0.03203125
6 0.528125 0.3640625 0.0234375 0.03828125
6 0.5046875 0.36328125 0.0203125 0.028125
6 0.49453125 0.35078125 0.0234375 0.03359375
6 0.4703125 0.34609375 0.02109375 0.0453125
6 0.46015625 0.3625 0.025 0.0296875
6 0.48125 0.3671875 0.02109375 0.01953125
6 0.51875 0.3828125 0.02265625 0.02265625
6 0.49375 0.38046875 0.02421875 0.02421875
6 0.4703125 0.38359375 0.02109375 0.015625
6 0.50546875 0.39609375 0.01953125 0.02421875
6 0.48359375 0.396875 0.0203125 0.025
6 0.52109375 0.4328125 0.0234375 0.0375
7 0.54453125 0.4921875 0.025 0.03828125