7 0.1265625 0.76796875 0.0265625 0.03984375
8 0.40390625 0.15390625 0.02109375 0.03203125
2 0.53828125 0.09765625 0.01953125 0.03125
3 0.60390625 0.15546875 0.0203125 0.03203125
6 0.5984375 0.55859375 0.02421875 0.0359375
1 0.50390625 0.3640625 0.02265625 0.03515625
6 0.56640625 0.25390625 0.02578125 0.034375
6 0.16171875 0.603125 0.025 0.0421875
6 0.85546875 0.66015625 0.02265625 0.03359375
6 0.42578125 0.5859375 0.0234375 0.03515625
4 0.509375 0.5671875 0.025 0.02265625
6 0.4921875 0.6 0.02265625 0.0265625
6 0.51015625 0.58984375 0.02578125 0.03203125
6 0.6578125 0.55703125 0.02265625 0.03671875
0 0.5046875 0.7484375 0.025 0.03828125