8 0.4046875 0.15625 0.0234375 0.02890625
2 0.50546875 0.153125 0.01875 0.03203125
3 0.6546875 0.1046875 0.0234375 0.03359375
4 0.51640625 0.58046875 0.02578125 0.0390625
6 0.57421875 0.621875 0.028125 0.040625
6 0.64375 0.565625 0.02578125 0.040625
6 0.49296875 0.63359375 0.02109375 0.0375
6 0.47109375 0.640625 0.021875 0.0390625
6 0.48125 0.65703125 0.0234375 0.03046875
6 0.43671875 0.675 0.02421875 0.0390625
6 0.31171875 0.81484375 0.0265625 0.0421875
6 0.584375 0.7859375 0.0265625 0.0390625
0 0.4234375 0.83671875 0.02890625 0.03203125
7 0.5375 0.78671875 0.02890625 0.040625
1 0.50390625 0.365625 0.02421875 0.03203125
6 0.24140625 0.5515625 0.02421875 0.0421875
6 0.14140625 0.60625 0.021875 0.0375
6 0.578125 0.73515625 0.0265625 0.0390625
6 0.64765625 0.8078125 0.03125 0.0421875
6 0.7015625 0.83359375 0.0265625 0.03515625