8 0.596875 0.15625 0.02265625 0.0328125
2 0.49375 0.15859375 0.01875 0.02734375
7 0.2390625 0.109375 0.02265625 0.0375
3 0.39453125 0.15625 0.01796875 0.0296875
1 0.4921875 0.36953125 0.01953125 0.034375
6 0.46953125 0.57109375 0.0234375 0.0390625
0 0.49609375 0.74921875 0.0265625 0.0390625
6 0.49453125 0.54765625 0.02578125 0.040625
6 0.5515625 0.59609375 0.02265625 0.03828125
6 0.6328125 0.68125 0.0265625 0.04453125
6 0.47890625 0.690625 0.02734375 0.0390625
4 0.4953125 0.584375 0.02578125 0.03984375
6 0.85625 0.5921875 0.02734375 0.03671875
6 0.61015625 0.59140625 0.0234375 0.0375