7 0.390625 0.73125 0.03203125 0.04453125
8 0.40390625 0.15390625 0.01953125 0.034375
2 0.50625 0.1546875 0.01953125 0.03046875
3 0.60546875 0.15625 0.0234375 0.0328125
1 0.50625 0.36640625 0.0203125 0.03046875
0 0.5046875 0.74921875 0.02578125 0.03671875
6 0.14609375 0.59296875 0.02265625 0.0328125
6 0.365625 0.67734375 0.0234375 0.034375
6 0.38984375 0.58984375 0.0234375 0.03828125
6 0.45 0.596875 0.02421875 0.0359375
6 0.5046875 0.54921875 0.0203125 0.0328125
6 0.53125 0.571875 0.02421875 0.03828125
4 0.50625 0.58671875 0.0234375 0.03515625