2 0.50546875 0.15546875 0.01953125 0.03125
3 0.60390625 0.15546875 0.0203125 0.03203125
4 0.53515625 0.47109375 0.0296875 0.03359375
8 0.4046875 0.15625 0.01953125 0.03046875
7 0.5515625 0.6890625 0.02734375 0.03984375
1 0.50390625 0.365625 0.0234375 0.0359375
6 0.16875 0.48828125 0.02734375 0.03515625
6 0.20703125 0.64140625 0.02578125 0.03671875
6 0.47578125 0.6609375 0.021875 0.0328125
6 0.57421875 0.6546875 0.025 0.0375
6 0.49453125 0.63515625 0.02109375 0.028125
6 0.50625 0.6546875 0.0234375 0.034375
6 0.5953125 0.60703125 0.02578125 0.0375
6 0.47890625 0.62421875 0.02421875 0.03125
6 0.50234375 0.61484375 0.02421875 0.03046875
6 0.6328125 0.65546875 0.025 0.0375
6 0.49296875 0.57421875 0.0234375 0.03359375
6 0.73828125 0.54609375 0.02578125 0.03828125
6 0.49453125 0.54921875 0.02421875 0.02890625
6 0.81328125 0.6828125 0.02421875 0.03671875