3 0.39609375 0.15546875 0.02109375 0.0328125
4 0.48984375 0.5671875 0.02578125 0.02734375
6 0.490625 0.59140625 0.0234375 0.02578125
6 0.5078125 0.603125 0.0234375 0.034375
2 0.46171875 0.09609375 0.01953125 0.02734375
6 0.5734375 0.5859375 0.02578125 0.03671875
6 0.3421875 0.5546875 0.025 0.0421875
1 0.4953125 0.36796875 0.0203125 0.0359375
6 0.83984375 0.60078125 0.021875 0.03359375
6 0.14296875 0.65859375 0.0265625 0.04296875
0 0.49609375 0.74921875 0.02421875 0.0375
7 0.76484375 0.24921875 0.0234375 0.0328125