3 0.39296875 0.84375 0.021875 0.03671875
2 0.49453125 0.84296875 0.02109375 0.02578125
8 0.59609375 0.84453125 0.021875 0.03203125
1 0.49375 0.63125 0.0203125 0.03984375
7 0.65 0.2609375 0.02734375 0.0421875
0 0.4953125 0.25078125 0.028125 0.0375
4 0.49609375 0.34921875 0.02421875 0.03515625
6 0.528125 0.36328125 0.0234375 0.03515625
6 0.50546875 0.3640625 0.02421875 0.03125
6 0.48203125 0.3625 0.0234375 0.034375
6 0.48125 0.39140625 0.02734375 0.0328125
6 0.49609375 0.41015625 0.02734375 0.0234375
6 0.50390625 0.39375 0.025 0.02109375
6 0.51640625 0.38203125 0.025 0.01953125