8 0.59609375 0.84609375 0.02109375 0.03203125
2 0.49453125 0.8421875 0.01953125 0.03125
3 0.39609375 0.84453125 0.0203125 0.03203125
6 0.4515625 0.3234375 0.02265625 0.03359375
1 0.49375 0.63359375 0.02265625 0.03515625
6 0.625 0.184375 0.0265625 0.0375
6 0.50546875 0.36171875 0.0234375 0.03515625
6 0.5453125 0.3484375 0.02421875 0.03671875
6 0.4328125 0.39375 0.02578125 0.03984375
6 0.48359375 0.3640625 0.0234375 0.034375
6 0.52734375 0.36171875 0.02265625 0.03359375
4 0.496875 0.434375 0.025 0.02265625
7 0.384375 0.35078125 0.0265625 0.03984375
6 0.515625 0.38359375 0.02265625 0.01640625
6 0.49375 0.3828125 0.01953125 0.0171875
6 0.48125 0.39296875 0.02421875 0.03046875
6 0.5046875 0.39765625 0.02265625 0.01796875
6 0.49609375 0.4109375 0.021875 0.01796875