8 0.4046875 0.84375 0.01953125 0.03203125
1 0.50546875 0.63515625 0.021875 0.0265625
2 0.51484375 0.84609375 0.0203125 0.034375
6 0.31171875 0.1859375 0.02734375 0.03828125
6 0.40390625 0.44140625 0.0203125 0.0375
6 0.48359375 0.42734375 0.02109375 0.03046875
6 0.45078125 0.340625 0.02578125 0.0375
6 0.471875 0.36171875 0.02109375 0.02890625
6 0.49296875 0.365625 0.02578125 0.03984375
6 0.48046875 0.3453125 0.021875 0.03359375
6 0.521875 0.41171875 0.02109375 0.03046875
6 0.53671875 0.3890625 0.01953125 0.03359375
6 0.5765625 0.37734375 0.0234375 0.028125
6 0.5859375 0.215625 0.0234375 0.034375
6 0.52890625 0.21640625 0.0234375 0.04375
0 0.4265625 0.16484375 0.02734375 0.02890625
4 0.51328125 0.43125 0.021875 0.03046875
6 0.4859375 0.19375 0.0265625 0.03828125
3 0.65625 0.89765625 0.015625 0.02265625
6 0.59375 0.26328125 0.028125 0.034375
6 0.72421875 0.1765625 0.03125 0.046875
7 0.58671875 0.8453125 0.01953125 0.03046875