8 0.40546875 0.84453125 0.02265625 0.0328125
3 0.60546875 0.84375 0.01796875 0.0296875
1 0.5046875 0.63359375 0.0234375 0.0375
6 0.45234375 0.3421875 0.021875 0.0328125
6 0.471875 0.3671875 0.02265625 0.02734375
4 0.5140625 0.4359375 0.02421875 0.0234375
0 0.46171875 0.175 0.025 0.04296875
7 0.30703125 0.434375 0.025 0.03984375
6 0.540625 0.3625 0.02265625 0.03671875
6 0.57578125 0.22265625 0.0265625 0.04140625
6 0.4859375 0.425 0.025 0.03984375
6 0.32890625 0.1625 0.02578125 0.03046875
6 0.48125 0.346875 0.0234375 0.034375
6 0.56875 0.27265625 0.02421875 0.034375
6 0.35859375 0.43671875 0.021875 0.03671875
6 0.50234375 0.37578125 0.025 0.028125
6 0.61796875 0.3515625 0.025 0.034375
6 0.5140625 0.39765625 0.028125 0.0203125
6 0.5234375 0.41484375 0.02734375 0.01796875
6 0.525 0.271875 0.025 0.03359375
2 0.51328125 0.8484375 0.01875 0.02734375
6 0.52890625 0.37734375 0.02265625 0.02734375