2 0.49375 0.15625 0.02265625 0.028125
0 0.496875 0.74765625 0.025 0.03203125
8 0.67421875 0.11640625 0.02109375 0.034375
1 0.4765625 0.3875 0.01875 0.0359375
4 0.15859375 0.5734375 0.02578125 0.04375
6 0.1890625 0.60390625 0.02578125 0.034375
6 0.14296875 0.62578125 0.02421875 0.03984375
6 0.35625 0.53125 0.02109375 0.0359375
6 0.5359375 0.49296875 0.0265625 0.03359375
6 0.61875 0.5703125 0.021875 0.0375
6 0.50625 0.60703125 0.02109375 0.03359375
6 0.51171875 0.63359375 0.02109375 0.0375
6 0.4890625 0.6515625 0.02421875 0.03203125
6 0.4953125 0.68203125 0.021875 0.034375
6 0.46796875 0.66015625 0.02265625 0.0375
6 0.41484375 0.615625 0.02578125 0.0421875
7 0.53359375 0.32890625 0.02421875 0.03671875