2 0.50546875 0.846875 0.01875 0.03203125
7 0.24375 0.83984375 0.0203125 0.0296875
3 0.6046875 0.84296875 0.02109375 0.0265625
1 0.50703125 0.6375 0.0203125 0.028125
8 0.20234375 0.62265625 0.0203125 0.0359375
6 0.14375 0.4046875 0.02265625 0.040625
6 0.38984375 0.41171875 0.028125 0.0390625
6 0.365625 0.3203125 0.028125 0.0359375
6 0.4484375 0.4046875 0.025 0.0375
6 0.50625 0.45 0.02578125 0.034375
6 0.53046875 0.42734375 0.0234375 0.0359375
4 0.50546875 0.41328125 0.02265625 0.0390625
0 0.503125 0.253125 0.025 0.0359375