7 0.45546875 0.61484375 0.03203125 0.04453125
8 0.59609375 0.15390625 0.01953125 0.034375
2 0.49375 0.1546875 0.01953125 0.03046875
3 0.39453125 0.15625 0.0234375 0.0328125
1 0.49375 0.36640625 0.0203125 0.03046875
0 0.4953125 0.74921875 0.02578125 0.03671875
6 0.85390625 0.59296875 0.02265625 0.0328125
6 0.634375 0.67734375 0.0234375 0.034375
6 0.61015625 0.58984375 0.0234375 0.03828125
6 0.55 0.596875 0.02421875 0.0359375
6 0.4953125 0.54921875 0.0203125 0.0328125
6 0.46875 0.571875 0.02421875 0.03828125
6 0.27265625 0.68828125 0.03125 0.05390625
4 0.49375 0.58671875 0.0234375 0.03515625