2 0.49453125 0.15546875 0.01953125 0.03125
3 0.39609375 0.15546875 0.0203125 0.03203125
6 0.69765625 0.5328125 0.02734375 0.04296875
4 0.49296875 0.57578125 0.025 0.02265625
8 0.5953125 0.15625 0.01953125 0.03046875
7 0.65546875 0.42578125 0.02265625 0.03515625
0 0.4953125 0.75078125 0.0265625 0.040625
1 0.49609375 0.365625 0.0234375 0.0359375
6 0.47265625 0.68203125 0.02734375 0.03515625
6 0.52421875 0.659375 0.0234375 0.0328125
6 0.49375 0.6515625 0.021875 0.0328125
6 0.47109375 0.65078125 0.02578125 0.0328125
6 0.52734375 0.63203125 0.025 0.0265625
6 0.50546875 0.63515625 0.02109375 0.028125
6 0.4828125 0.6375 0.021875 0.0296875
6 0.45859375 0.634375 0.025 0.0234375
6 0.5171875 0.61484375 0.0234375 0.01640625
6 0.49375 0.615625 0.025 0.0140625
6 0.4703125 0.61640625 0.0234375 0.01328125
6 0.50546875 0.6015625 0.02265625 0.0125
6 0.48203125 0.60234375 0.02421875 0.0140625
6 0.49453125 0.5890625 0.02421875 0.01171875