8 0.59609375 0.84453125 0.02109375 0.0296875
2 0.49453125 0.84453125 0.0203125 0.0296875
3 0.39453125 0.84453125 0.0203125 0.02890625
4 0.453125 0.5734375 0.0234375 0.034375
6 0.82734375 0.35859375 0.0265625 0.040625
6 0.6953125 0.5796875 0.02265625 0.028125
6 0.6625 0.26953125 0.02578125 0.0375
6 0.84921875 0.4640625 0.021875 0.03828125
6 0.590625 0.35 0.02265625 0.03828125
6 0.53515625 0.36796875 0.02421875 0.03359375
6 0.53203125 0.39296875 0.02421875 0.03203125
6 0.5015625 0.3875 0.021875 0.03359375
6 0.49375 0.36171875 0.021875 0.03984375
6 0.47890625 0.221875 0.02109375 0.03984375
6 0.6484375 0.28203125 0.02265625 0.03671875
1 0.4953125 0.63359375 0.0203125 0.034375
6 0.50703125 0.4265625 0.025 0.03984375
6 0.64765625 0.18671875 0.0234375 0.03671875
0 0.66328125 0.2078125 0.02265625 0.0375
7 0.53515625 0.571875 0.02421875 0.0390625