3 0.60390625 0.15546875 0.02109375 0.0328125
4 0.51015625 0.5671875 0.02578125 0.02734375
6 0.509375 0.59140625 0.0234375 0.02578125
6 0.4921875 0.603125 0.0234375 0.034375
8 0.40390625 0.153125 0.02109375 0.03046875
1 0.50546875 0.36484375 0.02265625 0.03359375
2 0.53828125 0.09609375 0.01953125 0.02734375
6 0.5671875 0.25234375 0.025 0.0359375
6 0.59921875 0.55703125 0.021875 0.03359375
6 0.65859375 0.55625 0.02109375 0.034375
6 0.85625 0.65859375 0.02578125 0.0359375
6 0.4265625 0.5859375 0.02578125 0.03671875
6 0.159375 0.6 0.0234375 0.03828125
7 0.890625 0.7328125 0.0265625 0.0421875