3 0.39296875 0.84375 0.021875 0.03671875
2 0.49453125 0.84296875 0.02109375 0.02578125
8 0.59609375 0.84453125 0.021875 0.03203125
0 0.4953125 0.25 0.02421875 0.040625
1 0.49453125 0.6359375 0.02109375 0.02890625
6 0.6171875 0.42890625 0.0203125 0.03828125
6 0.4328125 0.4453125 0.02265625 0.03515625
6 0.43203125 0.38671875 0.02578125 0.034375
6 0.3953125 0.31875 0.02265625 0.03984375
6 0.4765625 0.340625 0.02109375 0.03125
6 0.49765625 0.33984375 0.0234375 0.0328125
6 0.53046875 0.3265625 0.01953125 0.034375
6 0.5515625 0.33828125 0.02265625 0.0328125
6 0.51328125 0.35703125 0.0203125 0.03515625
6 0.47890625 0.3625 0.0234375 0.02421875
6 0.5171875 0.37734375 0.02421875 0.0265625
6 0.4921875 0.375 0.02265625 0.034375
6 0.50546875 0.39609375 0.025 0.01875
6 0.484375 0.39140625 0.021875 0.02890625
6 0.49921875 0.4140625 0.02421875 0.01875
7 0.76796875 0.2375 0.02578125 0.040625
4 0.3734375 0.41953125 0.02421875 0.0375