8 0.59453125 0.84453125 0.02265625 0.0328125
2 0.49375 0.84140625 0.01875 0.02734375
3 0.39453125 0.84375 0.01796875 0.0296875
1 0.49296875 0.63203125 0.01953125 0.034375
6 0.46953125 0.4328125 0.0234375 0.0390625
6 0.55234375 0.403125 0.02421875 0.0328125
6 0.49453125 0.45390625 0.02734375 0.0390625
4 0.49609375 0.415625 0.02578125 0.03984375
0 0.4953125 0.25078125 0.025 0.04296875
7 0.284375 0.26796875 0.028125 0.04375
6 0.77421875 0.1703125 0.02734375 0.04140625
6 0.61171875 0.41015625 0.02421875 0.0375
6 0.6359375 0.321875 0.025 0.03671875
6 0.8546875 0.4078125 0.0296875 0.0390625