2 0.49453125 0.15546875 0.01953125 0.03125
3 0.39609375 0.15546875 0.0203125 0.03203125
4 0.453125 0.428125 0.03125 0.04296875
8 0.5953125 0.15625 0.01953125 0.03046875
7 0.4484375 0.6890625 0.02734375 0.03984375
1 0.49609375 0.365625 0.0234375 0.0359375
6 0.6953125 0.42109375 0.02734375 0.03515625
6 0.8265625 0.64375 0.02578125 0.03671875
6 0.52421875 0.6609375 0.021875 0.0328125
6 0.42578125 0.6546875 0.025 0.0375
6 0.50546875 0.63515625 0.02109375 0.028125
6 0.49375 0.6546875 0.0234375 0.034375
6 0.4046875 0.60703125 0.02578125 0.0375
6 0.52109375 0.62421875 0.02421875 0.03125
6 0.49765625 0.61484375 0.02421875 0.03046875
6 0.35546875 0.65703125 0.025 0.0375
6 0.50703125 0.57421875 0.0234375 0.03359375
6 0.45390625 0.71953125 0.02890625 0.04140625
6 0.50546875 0.54921875 0.02421875 0.02890625