3 0.39609375 0.84453125 0.02109375 0.0328125
4 0.4953125 0.4328125 0.0234375 0.02734375
6 0.490625 0.40859375 0.0234375 0.02578125
6 0.5078125 0.396875 0.0234375 0.034375
8 0.5953125 0.84375 0.01953125 0.03046875
1 0.49453125 0.634375 0.025 0.03359375
0 0.49453125 0.25234375 0.02578125 0.0375
2 0.4625 0.9046875 0.01796875 0.03046875
6 0.5734375 0.41328125 0.02421875 0.040625
6 0.840625 0.3984375 0.0234375 0.040625
6 0.340625 0.44375 0.02265625 0.040625
6 0.14375 0.3421875 0.0265625 0.0390625
7 0.64453125 0.4953125 0.02421875 0.0390625