8 0.5953125 0.84375 0.01953125 0.03203125
1 0.49453125 0.63515625 0.021875 0.0265625
2 0.48515625 0.84609375 0.0203125 0.034375
3 0.35 0.8953125 0.01953125 0.02421875
6 0.69140625 0.259375 0.02578125 0.0375
6 0.68828125 0.1859375 0.02734375 0.03828125
6 0.59609375 0.44140625 0.0203125 0.0375
6 0.51640625 0.42734375 0.02109375 0.03046875
6 0.54921875 0.340625 0.02578125 0.0375
6 0.528125 0.36171875 0.02109375 0.02890625
6 0.50703125 0.365625 0.02578125 0.03984375
6 0.51953125 0.3453125 0.021875 0.03359375
6 0.478125 0.41171875 0.02109375 0.03046875
6 0.46328125 0.3890625 0.01953125 0.03359375
6 0.4234375 0.37734375 0.0234375 0.028125
6 0.4078125 0.26171875 0.025 0.0421875
6 0.4140625 0.215625 0.0234375 0.034375
6 0.47109375 0.21640625 0.0234375 0.04375
6 0.50390625 0.16328125 0.025 0.02265625
0 0.5734375 0.16484375 0.02734375 0.02890625
4 0.48671875 0.43125 0.021875 0.03046875
7 0.70390625 0.3125 0.02734375 0.034375