3 0.39375 0.15703125 0.02265625 0.0328125
2 0.49296875 0.15625 0.0203125 0.03046875
8 0.59609375 0.15546875 0.0234375 0.03203125
1 0.28203125 0.0484375 0.01875 0.034375
6 0.48125 0.775 0.02421875 0.0359375
6 0.590625 0.6515625 0.0234375 0.03828125
6 0.6234375 0.68828125 0.02578125 0.040625
6 0.825 0.64375 0.0203125 0.0359375
6 0.84765625 0.53671875 0.02578125 0.0375
4 0.45390625 0.42421875 0.02421875 0.04375
6 0.696875 0.4171875 0.02109375 0.03359375
6 0.70078125 0.7140625 0.021875 0.0421875
6 0.48828125 0.64140625 0.015625 0.0453125
7 0.375 0.528125 0.02265625 0.046875