8 0.39609375 0.1453125 0.0203125 0.03046875
2 0.50625 0.15546875 0.021875 0.03515625
7 0.540625 0.3984375 0.0265625 0.0390625
3 0.71328125 0.03515625 0.02109375 0.025
0 0.62265625 0.8328125 0.025 0.03125
1 0.47265625 0.49921875 0.02421875 0.03515625
6 0.7859375 0.8375 0.02421875 0.0296875
6 0.66171875 0.8046875 0.02578125 0.0421875
6 0.5484375 0.7859375 0.02578125 0.04375
6 0.48671875 0.73046875 0.02421875 0.03984375
6 0.48046875 0.65390625 0.02109375 0.034375
6 0.49296875 0.63125 0.01953125 0.034375
6 0.471875 0.63359375 0.01875 0.0203125
4 0.50546875 0.58125 0.0234375 0.04140625
6 0.2625 0.3859375 0.02265625 0.0375
6 0.6359375 0.5640625 0.01953125 0.03828125