3 0.60625 0.84296875 0.02265625 0.0328125
2 0.50703125 0.84375 0.0203125 0.03046875
8 0.40390625 0.84453125 0.0234375 0.03203125
4 0.50625 0.41953125 0.02421875 0.0390625
6 0.4109375 0.34609375 0.025 0.04140625
6 0.50703125 0.36171875 0.02421875 0.0375
6 0.496875 0.38828125 0.02421875 0.034375
6 0.46875 0.39140625 0.021875 0.03515625
6 0.4625 0.36953125 0.02265625 0.0328125
6 0.15390625 0.46328125 0.0265625 0.0375
1 0.71015625 0.94453125 0.021875 0.02734375
6 0.42890625 0.5484375 0.0234375 0.03515625
0 0.4765625 0.28046875 0.02265625 0.034375
6 0.175 0.35546875 0.02265625 0.03984375
6 0.246875 0.4234375 0.0234375 0.046875
7 0.47890625 0.40859375 0.02421875 0.02890625