2 0.5390625 0.09765625 0.0171875 0.02734375
8 0.40390625 0.15546875 0.0203125 0.03203125
3 0.60546875 0.1578125 0.01875 0.02578125
7 0.49375 0.246875 0.021875 0.03046875
6 0.56796875 0.25625 0.01875 0.02890625
1 0.50625 0.36484375 0.0171875 0.03125
6 0.1109375 0.84375 0.0234375 0.034375
0 0.70078125 0.8265625 0.025 0.03984375
6 0.7578125 0.796875 0.0234375 0.03984375
6 0.85703125 0.659375 0.025 0.040625
4 0.50859375 0.57890625 0.01796875 0.028125
6 0.48671875 0.58984375 0.02265625 0.03671875
6 0.47734375 0.6015625 0.02421875 0.02734375
6 0.5046875 0.59609375 0.0203125 0.0296875
6 0.52421875 0.60625 0.01953125 0.034375
6 0.50703125 0.62109375 0.025 0.02734375
6 0.4828125 0.62265625 0.028125 0.034375
6 0.4953125 0.64609375 0.02734375 0.034375
6 0.51875 0.63828125 0.0234375 0.028125
6 0.55234375 0.65078125 0.01953125 0.03671875