2 0.50546875 0.15703125 0.02109375 0.02578125
0 0.5046875 0.75 0.02421875 0.040625
1 0.50546875 0.3640625 0.02109375 0.02890625
8 0.325 0.11640625 0.01953125 0.03203125
6 0.38125 0.56953125 0.0234375 0.03203125
6 0.64375 0.53203125 0.01953125 0.03125
6 0.49453125 0.60546875 0.01640625 0.03359375
6 0.48828125 0.6328125 0.0203125 0.025
6 0.48828125 0.6515625 0.02109375 0.02890625
6 0.5203125 0.6359375 0.02109375 0.02734375
6 0.52578125 0.65859375 0.025 0.0328125
6 0.5015625 0.66640625 0.0234375 0.03828125
6 0.46640625 0.675 0.02265625 0.03359375
6 0.43671875 0.678125 0.02421875 0.03359375
4 0.8421875 0.571875 0.028125 0.0390625
6 0.8140625 0.60625 0.025 0.03515625
3 0.60703125 0.1546875 0.01953125 0.03125
6 0.5734375 0.33125 0.0203125 0.03125
6 0.47265625 0.52578125 0.0234375 0.0328125
6 0.609375 0.58046875 0.02578125 0.0328125
6 0.71953125 0.625 0.0203125 0.0390625
7 0.30234375 0.8015625 0.03046875 0.0484375