8 0.40390625 0.8453125 0.01796875 0.034375
2 0.50625 0.84296875 0.0203125 0.0296875
3 0.60625 0.84453125 0.01875 0.0296875
7 0.428125 0.9046875 0.02421875 0.034375
1 0.50625 0.63359375 0.0234375 0.03515625
0 0.5046875 0.24921875 0.025 0.0375
6 0.38125 0.4296875 0.0234375 0.0375
6 0.48203125 0.334375 0.021875 0.0359375
6 0.50625 0.34765625 0.02421875 0.03515625
6 0.528125 0.346875 0.02265625 0.03671875
6 0.478125 0.43203125 0.0234375 0.03515625
6 0.47265625 0.36015625 0.02421875 0.03515625
6 0.49375 0.3671875 0.01875 0.021875
6 0.51640625 0.36875 0.02421875 0.0203125
6 0.5390625 0.3625 0.02265625 0.03125
6 0.48359375 0.38203125 0.02421875 0.01875
6 0.50546875 0.38125 0.021875 0.01875
6 0.52890625 0.3828125 0.02109375 0.0203125
6 0.4953125 0.39765625 0.02578125 0.01328125
6 0.51640625 0.39375 0.02421875 0.0203125
6 0.50546875 0.409375 0.02265625 0.0140625
4 0.50625 0.425 0.0234375 0.0203125