3 0.60703125 0.15625 0.021875 0.03671875
2 0.50546875 0.15703125 0.02109375 0.02578125
8 0.40390625 0.15546875 0.021875 0.03203125
0 0.5046875 0.75 0.02421875 0.040625
1 0.50546875 0.3640625 0.02109375 0.02890625
7 0.61953125 0.6109375 0.02734375 0.0359375
6 0.53125 0.57109375 0.02421875 0.04140625
6 0.51796875 0.63828125 0.01953125 0.03828125
6 0.4953125 0.63828125 0.02578125 0.03828125
6 0.5046875 0.54765625 0.0265625 0.03125
6 0.44921875 0.596875 0.021875 0.0359375
6 0.4171875 0.634375 0.0265625 0.04375
6 0.3890625 0.59140625 0.02578125 0.04140625
4 0.46953125 0.68359375 0.025 0.0421875