8 0.40390625 0.84453125 0.02109375 0.0296875
2 0.50546875 0.84453125 0.0203125 0.0296875
3 0.60546875 0.84453125 0.0203125 0.02890625
4 0.546875 0.5734375 0.0234375 0.034375
6 0.3046875 0.5796875 0.02265625 0.028125
6 0.409375 0.35 0.02265625 0.03828125
6 0.46484375 0.36796875 0.02421875 0.03359375
6 0.46796875 0.39296875 0.02421875 0.03203125
6 0.4984375 0.3875 0.021875 0.03359375
6 0.3515625 0.2796875 0.02109375 0.040625
6 0.33671875 0.2671875 0.02265625 0.0359375
6 0.15234375 0.46015625 0.0234375 0.03984375
6 0.1765625 0.3578125 0.02421875 0.0390625
1 0.71875 0.9515625 0.01875 0.03359375
6 0.51953125 0.2265625 0.02734375 0.03515625
6 0.31640625 0.18203125 0.028125 0.03828125
7 0.6609375 0.17578125 0.0265625 0.04296875
6 0.5078125 0.35859375 0.02421875 0.04375