8 0.40390625 0.15703125 0.0203125 0.03203125
2 0.50546875 0.1546875 0.01875 0.0328125
3 0.60390625 0.15859375 0.0203125 0.03046875
1 0.5046875 0.36484375 0.021875 0.03671875
6 0.3046875 0.41796875 0.02109375 0.03359375
4 0.546875 0.42265625 0.021875 0.03359375
6 0.15078125 0.5390625 0.02578125 0.04140625
6 0.175 0.64296875 0.0234375 0.04140625
6 0.4921875 0.575 0.021875 0.03828125
0 0.3359375 0.79609375 0.02578125 0.0421875
6 0.3375 0.73125 0.025 0.0375
6 0.35390625 0.7171875 0.02265625 0.0390625
6 0.51953125 0.77890625 0.028125 0.0421875
6 0.203125 0.75078125 0.028125 0.04296875
6 0.4671875 0.609375 0.021875 0.0359375
6 0.48203125 0.62265625 0.0203125 0.0296875
6 0.50234375 0.6171875 0.0203125 0.03125
6 0.50703125 0.64140625 0.02109375 0.0328125
6 0.44609375 0.640625 0.02265625 0.0375
7 0.71328125 0.35 0.02421875 0.040625
6 0.35703125 0.8125 0.0234375 0.04140625