3 0.60703125 0.15625 0.021875 0.03671875
2 0.50546875 0.15703125 0.02109375 0.02578125
8 0.40390625 0.15546875 0.021875 0.03203125
1 0.50703125 0.3671875 0.0203125 0.03671875
6 0.37421875 0.8140625 0.0265625 0.0390625
6 0.47265625 0.63671875 0.025 0.03515625
6 0.49453125 0.63359375 0.02265625 0.03515625
6 0.51953125 0.6375 0.025 0.0328125
6 0.51875 0.60546875 0.02421875 0.02890625
6 0.48359375 0.61640625 0.0203125 0.01484375
6 0.50703125 0.6203125 0.02734375 0.021875
6 0.49609375 0.60390625 0.025 0.0203125
6 0.50390625 0.590625 0.0234375 0.0203125
7 0.5484375 0.8234375 0.0296875 0.0484375
4 0.503125 0.65234375 0.025 0.040625