8 0.3265625 0.11875 0.02265625 0.0328125
2 0.50625 0.15859375 0.01875 0.02734375
7 0.40078125 0.6109375 0.028125 0.04453125
3 0.60546875 0.15625 0.01796875 0.0296875
1 0.52265625 0.390625 0.01953125 0.034375
6 0.64453125 0.53046875 0.0234375 0.0390625
6 0.46328125 0.4890625 0.0265625 0.0390625
6 0.578125 0.525 0.02421875 0.03828125
6 0.81328125 0.60703125 0.02421875 0.0328125
6 0.584375 0.61640625 0.02265625 0.03828125
6 0.48828125 0.6296875 0.025 0.03203125
6 0.85859375 0.625 0.02734375 0.03984375
6 0.69140625 0.65 0.02578125 0.04140625
4 0.84296875 0.57109375 0.02578125 0.03984375