8 0.4046875 0.15625 0.01953125 0.03203125
1 0.50546875 0.36484375 0.021875 0.0265625
2 0.5046875 0.1578125 0.02109375 0.02265625
3 0.60546875 0.15703125 0.0171875 0.028125
7 0.3171875 0.6046875 0.02578125 0.0375
6 0.14375 0.5921875 0.0265625 0.0390625
6 0.36484375 0.678125 0.02421875 0.034375
6 0.3890625 0.58828125 0.0234375 0.0296875
6 0.45 0.59375 0.021875 0.03515625
6 0.50390625 0.546875 0.025 0.03125
6 0.53046875 0.56875 0.021875 0.03515625
4 0.50390625 0.58671875 0.02734375 0.03828125
0 0.503125 0.75 0.02421875 0.03671875