2 0.50546875 0.153125 0.01875 0.03203125
1 0.5046875 0.365625 0.02109375 0.0390625
3 0.6046875 0.1578125 0.01640625 0.02734375
7 0.24921875 0.1625 0.021875 0.0359375
8 0.1671875 0.415625 0.0234375 0.0296875
6 0.1453125 0.59375 0.0296875 0.0375
6 0.53046875 0.5734375 0.0234375 0.0390625
6 0.50546875 0.55 0.02265625 0.03125
6 0.44921875 0.59765625 0.02265625 0.0359375
6 0.38828125 0.5890625 0.0265625 0.03125
6 0.365625 0.6796875 0.025 0.0375
0 0.50390625 0.74921875 0.02578125 0.0359375
4 0.50390625 0.58359375 0.02265625 0.034375