7 0.4578125 0.61015625 0.02578125 0.03671875
6 0.85625 0.65703125 0.02421875 0.040625
8 0.40390625 0.15390625 0.02109375 0.03203125
2 0.5390625 0.09609375 0.01953125 0.03125
3 0.60390625 0.15546875 0.0203125 0.03203125
6 0.56640625 0.25390625 0.02265625 0.03359375
1 0.50390625 0.3640625 0.02265625 0.03515625
6 0.32734375 0.61015625 0.0234375 0.03828125
6 0.46015625 0.65703125 0.0234375 0.03515625
6 0.490625 0.60390625 0.02109375 0.03125
6 0.575 0.575 0.02265625 0.03203125
6 0.60078125 0.584375 0.02734375 0.03671875
6 0.509375 0.58984375 0.02578125 0.0328125
6 0.43515625 0.58984375 0.0234375 0.03359375
4 0.509375 0.5671875 0.025 0.02265625