2 0.50625 0.15625 0.02265625 0.028125
8 0.32578125 0.11640625 0.02109375 0.034375
1 0.5234375 0.3875 0.01875 0.0359375
4 0.84140625 0.56875 0.02578125 0.034375
6 0.81171875 0.60546875 0.0234375 0.0390625
6 0.86015625 0.625 0.028125 0.0359375
3 0.60546875 0.15546875 0.02265625 0.034375
6 0.64296875 0.53046875 0.02578125 0.0359375
6 0.5828125 0.615625 0.0265625 0.04375
6 0.46171875 0.48828125 0.02265625 0.03984375
6 0.49375 0.6046875 0.02578125 0.03046875
6 0.48828125 0.634375 0.02265625 0.0328125
6 0.6890625 0.65078125 0.025 0.0328125
6 0.57734375 0.5265625 0.02734375 0.03984375
7 0.43671875 0.5890625 0.028125 0.04375