8 0.40390625 0.15546875 0.02109375 0.0296875
2 0.50546875 0.15546875 0.0203125 0.0296875
3 0.60546875 0.15546875 0.0203125 0.02890625
1 0.5046875 0.36640625 0.02109375 0.03984375
4 0.53125 0.4875 0.025 0.0375
7 0.5515625 0.68671875 0.0234375 0.03515625
6 0.8625 0.67578125 0.0265625 0.0390625
6 0.70859375 0.55859375 0.02109375 0.04140625
6 0.621875 0.653125 0.02421875 0.0390625
6 0.571875 0.653125 0.021875 0.0390625
6 0.58984375 0.60859375 0.02265625 0.03203125
6 0.5078125 0.65546875 0.02109375 0.034375
6 0.496875 0.6390625 0.021875 0.0375
6 0.47421875 0.6625 0.025 0.03515625
6 0.50234375 0.61484375 0.0203125 0.03046875
6 0.4796875 0.62265625 0.0234375 0.0328125
6 0.24765625 0.64375 0.0265625 0.03671875
6 0.22109375 0.5078125 0.0234375 0.03046875
6 0.49375 0.575 0.021875 0.03046875
6 0.4953125 0.553125 0.02265625 0.0296875