8 0.59609375 0.15546875 0.02109375 0.0296875
2 0.49453125 0.15546875 0.0203125 0.0296875
3 0.39453125 0.15546875 0.0203125 0.02890625
4 0.453125 0.4265625 0.0234375 0.034375
6 0.6953125 0.4203125 0.02265625 0.028125
6 0.590625 0.65 0.02265625 0.03828125
6 0.53515625 0.63203125 0.02421875 0.03359375
6 0.53203125 0.60703125 0.02421875 0.03203125
6 0.6484375 0.7203125 0.02109375 0.040625
6 0.66328125 0.7328125 0.02265625 0.0359375
6 0.64609375 0.82109375 0.02265625 0.03203125
0 0.6640625 0.79375 0.025 0.0328125
6 0.846875 0.53984375 0.0234375 0.03984375
6 0.8234375 0.64453125 0.02421875 0.04296875
6 0.5078125 0.57265625 0.0265625 0.0375
1 0.28125 0.0484375 0.01875 0.03359375
7 0.7015625 0.47109375 0.0265625 0.0375