3 0.39375 0.84296875 0.02265625 0.0328125
2 0.49296875 0.84375 0.0203125 0.03046875
8 0.59609375 0.84453125 0.0234375 0.03203125
0 0.496875 0.253125 0.02265625 0.0359375
7 0.33203125 0.33984375 0.0265625 0.03828125
1 0.49375 0.63359375 0.0234375 0.03671875
4 0.4984375 0.35 0.02421875 0.034375
6 0.62578125 0.18515625 0.0265625 0.04140625
6 0.52890625 0.3625 0.0234375 0.03125
6 0.50546875 0.3640625 0.0203125 0.0296875
6 0.4828125 0.359375 0.0265625 0.03671875
6 0.48359375 0.39140625 0.0265625 0.0328125
6 0.5171875 0.38359375 0.025 0.0203125
6 0.49453125 0.384375 0.02421875 0.02109375
6 0.50546875 0.39765625 0.0265625 0.01875
6 0.49765625 0.409375 0.02578125 0.025