3 0.39609375 0.15546875 0.02109375 0.0328125
8 0.5953125 0.15625 0.01953125 0.03046875
4 0.49296875 0.571875 0.01953125 0.03046875
6 0.50859375 0.60390625 0.01953125 0.0375
6 0.48984375 0.59609375 0.02109375 0.034375
6 0.3421875 0.55625 0.0234375 0.034375
6 0.1453125 0.65859375 0.025 0.04140625
6 0.5734375 0.5875 0.021875 0.03203125
6 0.84140625 0.60390625 0.02578125 0.034375
6 0.43203125 0.25546875 0.02109375 0.0375
2 0.4625 0.0984375 0.0234375 0.03046875
0 0.49609375 0.74921875 0.02578125 0.0375
7 0.31171875 0.39375 0.02578125 0.04609375
1 0.49453125 0.36640625 0.02578125 0.03359375