3 0.60546875 0.15546875 0.02265625 0.034375
8 0.4046875 0.15625 0.01953125 0.03203125
1 0.50546875 0.36484375 0.021875 0.0265625
2 0.51484375 0.15078125 0.0171875 0.028125
0 0.4609375 0.82265625 0.02734375 0.0375
6 0.5265625 0.61875 0.02109375 0.03046875
6 0.5109375 0.6046875 0.02265625 0.028125
6 0.503125 0.62578125 0.0234375 0.0359375
6 0.5390625 0.6359375 0.02421875 0.0328125
6 0.48125 0.65078125 0.0234375 0.03671875
6 0.44453125 0.67265625 0.02421875 0.034375
6 0.45234375 0.66015625 0.02265625 0.0296875
6 0.44765625 0.6234375 0.02421875 0.0296875
6 0.4046875 0.6140625 0.01953125 0.03125
6 0.4125 0.63203125 0.0203125 0.0359375
6 0.615625 0.6453125 0.02421875 0.0421875
6 0.5671875 0.72421875 0.02265625 0.03359375
6 0.52578125 0.7328125 0.021875 0.03671875
6 0.5046875 0.58828125 0.02578125 0.02265625
4 0.509375 0.5671875 0.0265625 0.02265625
6 0.3578125 0.56484375 0.02421875 0.0375
7 0.715625 0.3640625 0.02265625 0.0359375