8 0.40390625 0.1546875 0.01796875 0.034375
2 0.50625 0.15703125 0.0203125 0.0296875
3 0.60625 0.15546875 0.01875 0.0296875
7 0.428125 0.0953125 0.02421875 0.034375
1 0.50625 0.36640625 0.0234375 0.03515625
0 0.5046875 0.75078125 0.025 0.0375
6 0.38125 0.5703125 0.0234375 0.0375
6 0.48203125 0.665625 0.021875 0.0359375
6 0.50625 0.65234375 0.02421875 0.03515625
6 0.528125 0.653125 0.02265625 0.03671875
6 0.478125 0.56796875 0.0234375 0.03515625
6 0.47265625 0.63984375 0.02421875 0.03515625
6 0.49375 0.6328125 0.01875 0.021875
6 0.51640625 0.63125 0.02421875 0.0203125
6 0.5390625 0.6375 0.02265625 0.03125
6 0.48359375 0.61796875 0.02421875 0.01875
6 0.50546875 0.61875 0.021875 0.01875
6 0.52890625 0.6171875 0.02109375 0.0203125
6 0.4953125 0.60234375 0.02578125 0.01328125
6 0.51640625 0.60625 0.02421875 0.0203125
6 0.50546875 0.590625 0.02265625 0.0140625
4 0.50625 0.575 0.0234375 0.0203125