8 0.4046875 0.84375 0.0234375 0.02890625
2 0.50546875 0.846875 0.01875 0.03203125
3 0.6546875 0.8953125 0.0234375 0.03359375
4 0.51640625 0.41953125 0.02578125 0.0390625
6 0.57421875 0.378125 0.028125 0.040625
6 0.64375 0.434375 0.02578125 0.040625
6 0.49296875 0.36640625 0.02109375 0.0375
6 0.47109375 0.359375 0.021875 0.0390625
6 0.48125 0.34296875 0.0234375 0.03046875
6 0.43671875 0.325 0.02421875 0.0390625
6 0.31171875 0.18515625 0.0265625 0.0421875
6 0.584375 0.2140625 0.0265625 0.0390625
0 0.4234375 0.16328125 0.02890625 0.03203125
1 0.50390625 0.634375 0.02421875 0.03203125
6 0.6609375 0.19453125 0.0265625 0.03671875
7 0.546875 0.2171875 0.02265625 0.03828125
6 0.39765625 0.64296875 0.0265625 0.034375
6 0.1875 0.453125 0.02734375 0.03828125
6 0.66015625 0.340625 0.02265625 0.03984375
6 0.784375 0.1640625 0.025 0.03125