2 0.50625 0.84375 0.02265625 0.028125
3 0.60546875 0.84453125 0.02265625 0.034375
0 0.5046875 0.253125 0.025 0.03984375
8 0.40625 0.8421875 0.01796875 0.03671875
7 0.65703125 0.68359375 0.01953125 0.03671875
1 0.50546875 0.63359375 0.02109375 0.02890625
4 0.50390625 0.41640625 0.0234375 0.03125
6 0.53125 0.43046875 0.0234375 0.0390625
6 0.50546875 0.4515625 0.02265625 0.034375
6 0.51953125 0.309375 0.02265625 0.0390625
6 0.44921875 0.403125 0.0203125 0.03515625
6 0.3890625 0.41171875 0.02109375 0.03671875
6 0.365625 0.32421875 0.01875 0.0390625
6 0.14375 0.40859375 0.02421875 0.03515625