8 0.4046875 0.84375 0.02109375 0.0328125
2 0.50625 0.8421875 0.02109375 0.03203125
3 0.6046875 0.8421875 0.021875 0.03359375
1 0.50625 0.63359375 0.02421875 0.03828125
6 0.3734375 0.18359375 0.02890625 0.04296875
0 0.50390625 0.24609375 0.028125 0.0484375
7 0.44453125 0.38046875 0.0234375 0.040625
6 0.50390625 0.41171875 0.0234375 0.01875
6 0.565625 0.39375 0.02421875 0.03828125
6 0.5171875 0.3625 0.02421875 0.0375
6 0.49453125 0.39765625 0.0234375 0.0171875
6 0.47265625 0.3625 0.025 0.03671875
6 0.4828125 0.384375 0.0265625 0.01953125
6 0.51953125 0.39296875 0.02265625 0.0265625
6 0.50546875 0.384375 0.02578125 0.0171875
4 0.5046875 0.43203125 0.025 0.0171875
6 0.49453125 0.36484375 0.025 0.03203125