2 0.50625 0.15390625 0.01953125 0.03125
3 0.60390625 0.15546875 0.0203125 0.03203125
1 0.50390625 0.3640625 0.02265625 0.03515625
6 0.37265625 0.81640625 0.025 0.0421875
6 0.45390625 0.64921875 0.0265625 0.034375
6 0.47109375 0.63828125 0.0234375 0.03515625
4 0.5046875 0.5671875 0.025 0.02265625
6 0.51796875 0.6375 0.02578125 0.03203125
6 0.56640625 0.60625 0.02265625 0.03671875
0 0.5046875 0.74765625 0.025 0.040625
8 0.40703125 0.1578125 0.01953125 0.03046875
6 0.49453125 0.63671875 0.02109375 0.03515625
7 0.63359375 0.740625 0.02734375 0.0390625
6 0.48359375 0.6171875 0.02421875 0.01796875
6 0.50703125 0.615625 0.02265625 0.0171875
6 0.49453125 0.603125 0.02734375 0.01640625
6 0.503125 0.5890625 0.02890625 0.015625
6 0.51875 0.60546875 0.02265625 0.028125