2 0.49453125 0.84453125 0.01953125 0.03125
3 0.39609375 0.84453125 0.0203125 0.03203125
4 0.453125 0.571875 0.03125 0.04296875
8 0.5953125 0.84375 0.01953125 0.03046875
7 0.4484375 0.3109375 0.02734375 0.03984375
1 0.49609375 0.634375 0.0234375 0.0359375
6 0.73046875 0.565625 0.02734375 0.03515625
6 0.83203125 0.35703125 0.02578125 0.03671875
6 0.52421875 0.3390625 0.021875 0.0328125
6 0.42578125 0.3453125 0.025 0.0375
6 0.50546875 0.36484375 0.02109375 0.028125
6 0.49375 0.3453125 0.0234375 0.034375
6 0.4046875 0.39296875 0.02578125 0.0375
6 0.52109375 0.37578125 0.02421875 0.03125
6 0.49765625 0.38515625 0.02421875 0.03046875
6 0.35546875 0.34296875 0.025 0.0375
6 0.50703125 0.42578125 0.0234375 0.03359375
6 0.3671875 0.29296875 0.02890625 0.04140625
6 0.50546875 0.45078125 0.02421875 0.02890625
6 0.16171875 0.4984375 0.02265625 0.03671875