3 0.60625 0.15703125 0.02265625 0.0328125
2 0.50703125 0.15625 0.0203125 0.03046875
8 0.40390625 0.15546875 0.0234375 0.03203125
6 0.3765625 0.6875 0.0265625 0.034375
6 0.40859375 0.65078125 0.025 0.0359375
6 0.50703125 0.640625 0.02265625 0.0421875
6 0.4640625 0.63125 0.02734375 0.0359375
6 0.4984375 0.6109375 0.02734375 0.034375
6 0.46953125 0.6078125 0.025 0.03359375
4 0.50625 0.5828125 0.0234375 0.03671875
1 0.7109375 0.053125 0.01953125 0.03203125
0 0.47890625 0.72421875 0.02421875 0.04375
6 0.51640625 0.7546875 0.02578125 0.040625
6 0.153125 0.5375 0.025 0.034375
6 0.17421875 0.6421875 0.02421875 0.0421875
7 0.41875 0.2953125 0.025 0.0375