6 0.428125 0.55078125 0.02421875 0.03046875
6 0.15234375 0.46640625 0.02421875 0.034375
6 0.15625 0.3078125 0.0265625 0.0390625
6 0.3671875 0.2734375 0.028125 0.0375
6 0.4625 0.37109375 0.02890625 0.0375
6 0.4671875 0.38984375 0.0265625 0.0375
6 0.49375 0.38203125 0.0265625 0.034375
4 0.50546875 0.42265625 0.02578125 0.03359375
1 0.70703125 0.94140625 0.015625 0.0328125
3 0.60703125 0.84375 0.021875 0.03671875
2 0.50546875 0.84296875 0.02109375 0.02578125
8 0.40390625 0.84453125 0.021875 0.03203125
7 0.37890625 0.32265625 0.0265625 0.03984375
0 0.4765625 0.284375 0.0234375 0.0328125
6 0.2390625 0.35625 0.0234375 0.03671875