3 0.39609375 0.84453125 0.02109375 0.0328125
1 0.49453125 0.6328125 0.025 0.03203125
8 0.596875 0.84453125 0.02109375 0.03203125
0 0.4953125 0.2515625 0.0296875 0.0359375
4 0.49140625 0.43359375 0.0234375 0.021875
6 0.48828125 0.4109375 0.02109375 0.03203125
2 0.49453125 0.84375 0.01953125 0.028125
7 0.359375 0.2546875 0.025 0.04453125
6 0.434375 0.39609375 0.028125 0.0390625
6 0.48046875 0.39140625 0.02109375 0.0296875
6 0.48203125 0.36171875 0.02265625 0.0359375
6 0.50546875 0.39609375 0.0234375 0.01640625
6 0.50546875 0.3640625 0.0234375 0.03828125
6 0.54375 0.34921875 0.025 0.03828125
6 0.528125 0.36328125 0.02265625 0.0296875
6 0.62578125 0.1828125 0.02734375 0.0421875