8 0.5953125 0.84375 0.0234375 0.02890625
2 0.49453125 0.846875 0.01875 0.03203125
3 0.3453125 0.8953125 0.0234375 0.03359375
4 0.48359375 0.41953125 0.02578125 0.0390625
6 0.42578125 0.378125 0.028125 0.040625
6 0.35625 0.434375 0.02578125 0.040625
6 0.50703125 0.36640625 0.02109375 0.0375
6 0.52890625 0.359375 0.021875 0.0390625
6 0.51875 0.34296875 0.0234375 0.03046875
6 0.56328125 0.325 0.02421875 0.0390625
6 0.68828125 0.18515625 0.0265625 0.0421875
6 0.415625 0.2140625 0.0265625 0.0390625
0 0.5765625 0.16328125 0.02890625 0.03203125
1 0.49609375 0.634375 0.02421875 0.03203125
6 0.3390625 0.19453125 0.0265625 0.03671875
6 0.225 0.16484375 0.03359375 0.02890625
7 0.453125 0.2171875 0.02265625 0.03828125
6 0.3359375 0.34296875 0.02265625 0.0421875
6 0.8125 0.45234375 0.025 0.03984375
6 0.5890625 0.66015625 0.02265625 0.03671875