8 0.40390625 0.15546875 0.02109375 0.0296875
2 0.50546875 0.15546875 0.0203125 0.0296875
3 0.60546875 0.15546875 0.0203125 0.02890625
1 0.5046875 0.36640625 0.02109375 0.03984375
7 0.75703125 0.04765625 0.0234375 0.034375
6 0.375 0.81796875 0.028125 0.040625
6 0.73359375 0.665625 0.02421875 0.0328125
6 0.6140625 0.60859375 0.0234375 0.0328125
6 0.546875 0.67578125 0.0265625 0.0328125
6 0.47578125 0.68359375 0.021875 0.03203125
6 0.49609375 0.67734375 0.0265625 0.03984375
6 0.56640625 0.60546875 0.0265625 0.0328125
6 0.5171875 0.63671875 0.021875 0.03203125
6 0.49453125 0.6375 0.01875 0.0265625
6 0.4734375 0.6375 0.02421875 0.034375
6 0.4828125 0.6203125 0.02421875 0.0265625
6 0.50546875 0.6203125 0.021875 0.021875
6 0.49375 0.60859375 0.0265625 0.02421875
6 0.51640625 0.61015625 0.0265625 0.0265625
6 0.503125 0.596875 0.0234375 0.02734375
4 0.503125 0.5703125 0.025 0.025