3 0.39296875 0.84375 0.021875 0.03671875
2 0.49453125 0.84296875 0.02109375 0.02578125
8 0.59609375 0.84453125 0.021875 0.03203125
0 0.4953125 0.25 0.02421875 0.040625
1 0.49453125 0.6359375 0.02109375 0.02890625
6 0.5265625 0.3625 0.025 0.03828125
6 0.50546875 0.3625 0.0171875 0.0296875
6 0.4828125 0.3640625 0.0265625 0.028125
6 0.515625 0.384375 0.02421875 0.02109375
6 0.49375 0.3828125 0.021875 0.0234375
6 0.471875 0.38359375 0.02421875 0.02265625
6 0.5046875 0.396875 0.02265625 0.0203125
6 0.484375 0.396875 0.0203125 0.0234375
4 0.49296875 0.41953125 0.02421875 0.02578125
6 0.45390625 0.32421875 0.0265625 0.034375
6 0.50234375 0.325 0.02578125 0.0328125
6 0.52265625 0.31484375 0.02578125 0.0375
6 0.62578125 0.184375 0.028125 0.0421875
6 0.4328125 0.39609375 0.025 0.0359375
6 0.38359375 0.39296875 0.0265625 0.034375
6 0.2734375 0.334375 0.0265625 0.0328125
7 0.5703125 0.8546875 0.0171875 0.03125