8 0.59609375 0.15390625 0.021875 0.0328125
2 0.49375 0.15703125 0.02109375 0.02890625
3 0.3953125 0.15703125 0.0203125 0.0328125
1 0.49453125 0.3640625 0.0234375 0.03359375
7 0.54765625 0.06171875 0.02265625 0.03203125
0 0.49453125 0.74765625 0.025 0.0359375
4 0.49453125 0.58515625 0.0265625 0.03828125
6 0.85390625 0.5921875 0.02578125 0.03359375
6 0.38203125 0.59453125 0.025 0.0375
6 0.634375 0.67734375 0.0265625 0.03828125
6 0.6109375 0.58984375 0.02265625 0.0375
6 0.55078125 0.596875 0.0265625 0.0375
6 0.49453125 0.54765625 0.0234375 0.03359375
6 0.46875 0.571875 0.0234375 0.03671875