8 0.40390625 0.15546875 0.0203125 0.03125
7 0.60703125 0.6015625 0.028125 0.03984375
2 0.53984375 0.10078125 0.0203125 0.03125
3 0.6046875 0.15859375 0.02421875 0.0328125
1 0.50546875 0.365625 0.02265625 0.0359375
0 0.8875 0.8125 0.0265625 0.03984375
6 0.553125 0.653125 0.02265625 0.03359375
6 0.49453125 0.63671875 0.0203125 0.0328125
6 0.5171875 0.63828125 0.025 0.0375
6 0.56796875 0.25703125 0.0265625 0.034375
6 0.50625 0.61484375 0.02109375 0.02265625
6 0.52421875 0.6078125 0.02109375 0.0296875
6 0.475 0.6046875 0.0203125 0.0296875
6 0.4828125 0.625 0.02265625 0.02734375
6 0.50625 0.5921875 0.01875 0.02578125
4 0.5078125 0.57265625 0.021875 0.0171875
6 0.85546875 0.6609375 0.02265625 0.0328125
6 0.4875 0.59375 0.02265625 0.03125