8 0.675 0.88203125 0.01875 0.0328125
2 0.4953125 0.84375 0.0203125 0.03046875
4 0.1578125 0.42890625 0.028125 0.0359375
6 0.53671875 0.50859375 0.0234375 0.0375
6 0.35703125 0.4703125 0.025 0.034375
6 0.50625 0.3953125 0.02265625 0.03359375
6 0.5125 0.371875 0.02421875 0.02734375
6 0.18671875 0.3953125 0.0234375 0.040625
3 0.39375 0.84296875 0.02421875 0.03046875
1 0.4765625 0.61171875 0.0203125 0.0328125
6 0.53125 0.32421875 0.02265625 0.0328125
6 0.54765625 0.31015625 0.025 0.03515625
6 0.61796875 0.43046875 0.02421875 0.03671875
6 0.5109375 0.35546875 0.02421875 0.0359375
6 0.4984375 0.3359375 0.021875 0.0296875
6 0.4796875 0.3640625 0.0234375 0.02734375
6 0.47421875 0.34453125 0.02265625 0.034375
7 0.71015625 0.3609375 0.02578125 0.0375