2 0.49375 0.15625 0.01953125 0.03125
3 0.39609375 0.15546875 0.0203125 0.03203125
6 0.62578125 0.81640625 0.025 0.0421875
4 0.496875 0.56796875 0.02421875 0.025
6 0.54453125 0.64921875 0.025 0.0359375
8 0.59296875 0.1578125 0.01953125 0.03046875
7 0.35859375 0.74453125 0.02734375 0.0390625
6 0.434375 0.6046875 0.025 0.0390625
0 0.4953125 0.7515625 0.0265625 0.040625
1 0.49375 0.365625 0.01953125 0.02890625
6 0.52734375 0.6359375 0.0203125 0.0328125
6 0.50625 0.63671875 0.021875 0.034375
6 0.48359375 0.63671875 0.0234375 0.03671875
6 0.515625 0.6140625 0.0234375 0.015625
6 0.49375 0.61484375 0.021875 0.01484375
6 0.50546875 0.6015625 0.0234375 0.0140625
6 0.49765625 0.58671875 0.02578125 0.015625
6 0.48125 0.60546875 0.021875 0.02578125