3 0.60703125 0.84375 0.021875 0.03671875
2 0.50546875 0.84296875 0.02109375 0.02578125
0 0.5046875 0.25 0.02421875 0.040625
1 0.50546875 0.6359375 0.02109375 0.02890625
8 0.40390625 0.84609375 0.02109375 0.03515625
6 0.50546875 0.45234375 0.02265625 0.03515625
6 0.53046875 0.43046875 0.02109375 0.02890625
6 0.5171875 0.3640625 0.01953125 0.03203125
6 0.49375 0.3640625 0.0234375 0.034375
6 0.44921875 0.4046875 0.02421875 0.0390625
6 0.4171875 0.36640625 0.0203125 0.0359375
6 0.38828125 0.4125 0.02265625 0.034375
7 0.778125 0.43515625 0.0234375 0.0390625