8 0.60390625 0.1453125 0.02109375 0.03671875
2 0.49375 0.15625 0.02265625 0.0390625
7 0.32890625 0.66171875 0.0265625 0.040625
6 0.5171875 0.4296875 0.02265625 0.03984375
0 0.37578125 0.83515625 0.02734375 0.03125
6 0.215625 0.8359375 0.028125 0.02890625
6 0.3390625 0.80546875 0.0265625 0.0390625
6 0.45078125 0.7859375 0.028125 0.03828125
6 0.51484375 0.73125 0.0265625 0.0421875
6 0.52109375 0.6515625 0.021875 0.03359375
6 0.52890625 0.634375 0.01875 0.02578125
6 0.5078125 0.63046875 0.02109375 0.02890625
1 0.52578125 0.5015625 0.02421875 0.0421875
6 0.23125 0.55625 0.02265625 0.0390625
3 0.2875 0.0359375 0.0203125 0.03046875
6 0.36328125 0.56328125 0.0234375 0.0375
6 0.54375 0.7046875 0.025 0.03984375