8 0.59609375 0.15546875 0.02109375 0.0296875
2 0.49453125 0.15546875 0.0203125 0.0296875
3 0.39453125 0.15546875 0.0203125 0.02890625
1 0.4953125 0.36640625 0.02109375 0.03984375
6 0.4921875 0.65546875 0.02109375 0.034375
6 0.503125 0.6390625 0.021875 0.0375
6 0.52578125 0.6625 0.025 0.03515625
6 0.49765625 0.61484375 0.0203125 0.03046875
6 0.5203125 0.62265625 0.0234375 0.0328125
6 0.50625 0.575 0.021875 0.03046875
6 0.5046875 0.54296875 0.02265625 0.0296875
6 0.40625 0.60859375 0.02265625 0.040625
6 0.1921875 0.5125 0.021875 0.03671875
6 0.85625 0.64140625 0.02578125 0.03828125
6 0.76796875 0.4515625 0.0234375 0.04296875
7 0.45390625 0.68359375 0.0171875 0.03359375
4 0.45546875 0.43671875 0.02265625 0.0359375