8 0.4046875 0.15625 0.021875 0.0328125
2 0.50625 0.1578125 0.02109375 0.02890625
3 0.6046875 0.1578125 0.021875 0.03359375
1 0.50546875 0.3671875 0.02109375 0.03671875
7 0.15703125 0.58359375 0.0265625 0.046875
6 0.37421875 0.815625 0.02578125 0.04453125
0 0.5046875 0.74921875 0.025 0.0453125
4 0.5046875 0.56875 0.0234375 0.0234375
6 0.47578125 0.684375 0.02421875 0.03671875
6 0.496875 0.675 0.021875 0.034375
6 0.546875 0.67890625 0.0234375 0.0359375
6 0.61640625 0.61171875 0.02578125 0.040625
6 0.565625 0.60546875 0.0234375 0.03984375
6 0.4703125 0.63828125 0.0234375 0.034375
6 0.49453125 0.6359375 0.02109375 0.03203125
6 0.5171875 0.6375 0.025 0.03515625
6 0.48359375 0.61484375 0.02421875 0.01484375
6 0.5078125 0.6140625 0.02421875 0.0140625
6 0.51953125 0.6078125 0.0203125 0.0296875
6 0.49453125 0.6015625 0.0296875 0.015625
6 0.5046875 0.58828125 0.0265625 0.015625