3 0.39453125 0.84453125 0.02265625 0.034375
8 0.5953125 0.84375 0.01953125 0.03203125
1 0.49453125 0.63515625 0.021875 0.0265625
0 0.496875 0.2515625 0.025 0.03828125
6 0.52890625 0.3625 0.02109375 0.03359375
6 0.48203125 0.36171875 0.0203125 0.03203125
6 0.51640625 0.3828125 0.01796875 0.01953125
6 0.4953125 0.4046875 0.01640625 0.01875
6 0.49453125 0.38125 0.01640625 0.01953125
2 0.49375 0.84296875 0.0203125 0.03203125
6 0.43671875 0.39609375 0.0234375 0.03203125
6 0.384375 0.39140625 0.02734375 0.03359375
6 0.453125 0.3203125 0.025 0.03984375
6 0.50234375 0.325 0.028125 0.03671875
6 0.52421875 0.31640625 0.02421875 0.02890625
6 0.50546875 0.36484375 0.01953125 0.03203125
6 0.62578125 0.184375 0.02734375 0.040625
7 0.63984375 0.26484375 0.0265625 0.04375
4 0.49453125 0.4296875 0.02109375 0.03203125