2 0.50546875 0.15546875 0.01953125 0.03125
3 0.60390625 0.15546875 0.0203125 0.03203125
4 0.5046875 0.56796875 0.0265625 0.02578125
8 0.4046875 0.15625 0.01953125 0.03046875
7 0.7171875 0.08984375 0.02265625 0.0359375
1 0.50390625 0.365625 0.0234375 0.0359375
6 0.49609375 0.67578125 0.025 0.03046875
6 0.371875 0.815625 0.02578125 0.03671875
6 0.471875 0.63984375 0.021875 0.0328125
6 0.565625 0.60703125 0.025 0.0375
6 0.49453125 0.63828125 0.021875 0.03125
6 0.51640625 0.6390625 0.0234375 0.034375
6 0.61640625 0.6140625 0.02578125 0.0375
6 0.48125 0.61875 0.0265625 0.0203125
6 0.5046875 0.6171875 0.02578125 0.0203125
6 0.47578125 0.68515625 0.025 0.0375
6 0.51796875 0.609375 0.02109375 0.028125
6 0.546875 0.68046875 0.02890625 0.04140625
6 0.49453125 0.60078125 0.02265625 0.015625
0 0.50546875 0.74921875 0.02578125 0.04296875
6 0.74296875 0.66640625 0.02734375 0.04453125
6 0.503125 0.5890625 0.021875 0.01640625