3 0.39453125 0.15546875 0.02265625 0.034375
8 0.5953125 0.15625 0.01953125 0.03203125
1 0.49453125 0.36484375 0.021875 0.0265625
2 0.48515625 0.15078125 0.0171875 0.028125
6 0.5921875 0.6171875 0.025 0.03515625
6 0.54375 0.63359375 0.0265625 0.03515625
6 0.521875 0.6625 0.0234375 0.0390625
6 0.49921875 0.65078125 0.025 0.03046875
6 0.4703125 0.6515625 0.0234375 0.03515625
6 0.459375 0.6375 0.02578125 0.03515625
6 0.515625 0.62421875 0.02421875 0.03359375
6 0.4796875 0.6078125 0.0203125 0.03046875
6 0.50390625 0.60625 0.0234375 0.01953125
4 0.49375 0.57890625 0.025 0.02421875
0 0.5390625 0.82265625 0.02734375 0.0375
6 0.446875 0.61953125 0.02109375 0.03203125
7 0.43359375 0.1125 0.0203125 0.0328125