2 0.50546875 0.153125 0.01875 0.03203125
1 0.50390625 0.365625 0.02421875 0.03203125
7 0.25078125 0.15390625 0.02109375 0.02890625
8 0.296875 0.26953125 0.02109375 0.0328125
3 0.60703125 0.15625 0.0203125 0.02890625
6 0.14375 0.590625 0.028125 0.0328125
6 0.365625 0.67890625 0.0234375 0.03828125
6 0.3890625 0.59140625 0.0234375 0.03671875
6 0.4484375 0.5953125 0.025 0.03671875
6 0.5046875 0.5484375 0.02421875 0.0296875
4 0.5046875 0.584375 0.0203125 0.0421875
6 0.53203125 0.5703125 0.02265625 0.03828125
0 0.50390625 0.74921875 0.02734375 0.03359375