8 0.40390625 0.15546875 0.0203125 0.03125
7 0.52265625 0.29921875 0.028125 0.03984375
2 0.50625 0.15625 0.0203125 0.03125
3 0.6046875 0.15859375 0.02421875 0.0328125
1 0.50546875 0.365625 0.02265625 0.0359375
6 0.49453125 0.6375 0.02109375 0.034375
6 0.5171875 0.6390625 0.02265625 0.0359375
6 0.615625 0.61015625 0.0265625 0.034375
6 0.50625 0.61484375 0.02265625 0.0234375
6 0.5203125 0.609375 0.01953125 0.03359375
6 0.48515625 0.6171875 0.0203125 0.02265625
6 0.50703125 0.59140625 0.0234375 0.02734375
4 0.5046875 0.56796875 0.025 0.01953125
6 0.81328125 0.66015625 0.02578125 0.040625
6 0.38203125 0.79609375 0.0265625 0.0421875
6 0.47578125 0.68515625 0.025 0.03828125
0 0.5046875 0.75 0.02578125 0.04375
6 0.39296875 0.809375 0.00078125 0.00078125
6 0.56640625 0.60546875 0.02265625 0.0359375
6 0.471875 0.6375 0.02109375 0.0359375
6 0.546875 0.67890625 0.02421875 0.04375
6 0.49609375 0.60234375 0.01875 0.015625