8 0.32734375 0.88203125 0.02109375 0.03203125
7 0.2546875 0.234375 0.0234375 0.03828125
2 0.50546875 0.84375 0.0203125 0.03203125
3 0.60703125 0.84453125 0.0203125 0.03046875
1 0.50625 0.6328125 0.0234375 0.0328125
6 0.53671875 0.52734375 0.02734375 0.04140625
6 0.38203125 0.42890625 0.0265625 0.0421875
6 0.434375 0.321875 0.02578125 0.03828125
6 0.46640625 0.32265625 0.02578125 0.04375
6 0.5015625 0.3375 0.02109375 0.03515625
6 0.52421875 0.33984375 0.02421875 0.03828125
6 0.48828125 0.37421875 0.02265625 0.01953125
6 0.48203125 0.3921875 0.02109375 0.02578125
6 0.48984375 0.3546875 0.02109375 0.025
6 0.60546875 0.37265625 0.02578125 0.04453125
6 0.675 0.3953125 0.0234375 0.0375
6 0.478125 0.4203125 0.025 0.03828125
6 0.5828125 0.40703125 0.02265625 0.0375
6 0.64453125 0.46875 0.02265625 0.03828125
0 0.5046875 0.2484375 0.025 0.04609375
4 0.8421875 0.4296875 0.02421875 0.03984375
6 0.5203125 0.3640625 0.02109375 0.0203125