2 0.49453125 0.15703125 0.02109375 0.02578125
0 0.4953125 0.75 0.02421875 0.040625
1 0.49453125 0.3640625 0.02109375 0.02890625
8 0.675 0.11640625 0.01953125 0.03203125
3 0.3921875 0.15390625 0.0203125 0.0296875
6 0.38125 0.165625 0.01640625 0.02421875
6 0.5375 0.48984375 0.02265625 0.03203125
6 0.61875 0.56953125 0.0234375 0.03203125
6 0.35625 0.53203125 0.01953125 0.03125
6 0.3875 0.5796875 0.0265625 0.0328125
6 0.50546875 0.60546875 0.01640625 0.03359375
6 0.51171875 0.6328125 0.0203125 0.025
6 0.51171875 0.6515625 0.02109375 0.02890625
6 0.4796875 0.6359375 0.02109375 0.02734375
6 0.47421875 0.65859375 0.025 0.0328125
6 0.4984375 0.66640625 0.0234375 0.03828125
6 0.53359375 0.675 0.02265625 0.03359375
6 0.56328125 0.678125 0.02421875 0.03359375
6 0.1765625 0.60703125 0.0265625 0.0359375
6 0.16484375 0.625 0.0203125 0.02890625
4 0.1578125 0.56796875 0.028125 0.03203125
7 0.6703125 0.8203125 0.02890625 0.03828125