3 0.39453125 0.15546875 0.02265625 0.034375
8 0.5953125 0.15625 0.01953125 0.03203125
1 0.49453125 0.36484375 0.021875 0.0265625
2 0.48515625 0.15078125 0.0171875 0.028125
6 0.63984375 0.565625 0.025 0.03125
6 0.59609375 0.55390625 0.02421875 0.0359375
6 0.68671875 0.81640625 0.02578125 0.0359375
6 0.41484375 0.78515625 0.02421875 0.0375
6 0.43046875 0.72578125 0.0265625 0.03984375
6 0.515625 0.575 0.02734375 0.03203125
6 0.54921875 0.6578125 0.02265625 0.0375
6 0.52734375 0.6375 0.0203125 0.0296875
6 0.51953125 0.65234375 0.0203125 0.03125
6 0.496875 0.6234375 0.0203125 0.0296875
6 0.47109375 0.62265625 0.02265625 0.03125
6 0.47890625 0.590625 0.0265625 0.0359375
4 0.48671875 0.56875 0.02265625 0.03203125
6 0.503125 0.8375 0.02890625 0.02109375
0 0.571875 0.83671875 0.0265625 0.025
6 0.69296875 0.740625 0.028125 0.0328125
7 0.7328125 0.1578125 0.0203125 0.0296875