8 0.59609375 0.15546875 0.0203125 0.03125
7 0.68515625 0.6828125 0.02421875 0.03359375
2 0.46171875 0.1 0.0203125 0.03125
3 0.3953125 0.15859375 0.02421875 0.0328125
6 0.4328125 0.25390625 0.02421875 0.03671875
1 0.49453125 0.365625 0.02265625 0.0359375
6 0.14375 0.659375 0.02421875 0.0359375
6 0.2421875 0.79296875 0.0265625 0.03984375
0 0.29921875 0.8265625 0.0265625 0.03984375
6 0.44609375 0.65234375 0.02265625 0.03359375
6 0.5046875 0.6453125 0.0203125 0.0328125
6 0.48203125 0.63984375 0.02265625 0.034375
6 0.51953125 0.62265625 0.0203125 0.03203125
6 0.49296875 0.615625 0.02109375 0.02265625
6 0.47578125 0.6078125 0.02109375 0.0296875
6 0.5234375 0.59921875 0.025 0.0265625
6 0.5140625 0.590625 0.02265625 0.02734375
6 0.49609375 0.5921875 0.01875 0.02578125
4 0.4921875 0.57265625 0.021875 0.0171875