8 0.40390625 0.15546875 0.0203125 0.03125
7 0.58515625 0.5 0.028125 0.03984375
2 0.5390625 0.09765625 0.0203125 0.03125
3 0.6046875 0.15859375 0.02421875 0.0328125
1 0.50546875 0.365625 0.02265625 0.0359375
6 0.4953125 0.64375 0.02109375 0.034375
6 0.51953125 0.640625 0.02265625 0.0359375
6 0.50234375 0.61640625 0.0234375 0.0265625
6 0.5203125 0.609375 0.01953125 0.03359375
6 0.48046875 0.621875 0.02109375 0.028125
6 0.50703125 0.59140625 0.0234375 0.02734375
4 0.50859375 0.56875 0.025 0.01953125
6 0.85625 0.659375 0.02578125 0.040625
6 0.27578125 0.4109375 0.02265625 0.034375
6 0.47421875 0.6015625 0.02265625 0.03203125
0 0.5046875 0.75 0.02578125 0.04375
6 0.39296875 0.809375 0.00078125 0.00078125
6 0.5671875 0.253125 0.0203125 0.03046875