3 0.39375 0.84296875 0.02265625 0.0328125
2 0.49296875 0.84375 0.0203125 0.03046875
8 0.59609375 0.84453125 0.0234375 0.03203125
0 0.5203125 0.278125 0.025 0.03515625
4 0.49375 0.41953125 0.02421875 0.0390625
6 0.5890625 0.34609375 0.025 0.04140625
6 0.49296875 0.36171875 0.02421875 0.0375
6 0.503125 0.38828125 0.02421875 0.034375
6 0.53125 0.39140625 0.021875 0.03515625
6 0.5375 0.36953125 0.02265625 0.0328125
6 0.825 0.35625 0.025 0.0375
6 0.84609375 0.46328125 0.0265625 0.0375
1 0.28984375 0.94453125 0.021875 0.02734375
6 0.57109375 0.5484375 0.0234375 0.03515625
6 0.540625 0.26640625 0.02578125 0.04609375
7 0.49765625 0.240625 0.02890625 0.0375