4 0.50859375 0.42890625 0.021875 0.025
6 0.50703125 0.3828125 0.02265625 0.0328125
6 0.50546875 0.40546875 0.0203125 0.01640625
6 0.5234375 0.39296875 0.0140625 0.0296875
6 0.51875 0.36171875 0.021875 0.0328125
3 0.60390625 0.84453125 0.02109375 0.0328125
8 0.403125 0.8453125 0.0203125 0.0296875
0 0.50703125 0.25234375 0.0265625 0.0375
6 0.48359375 0.384375 0.021875 0.0203125
6 0.49609375 0.3609375 0.021875 0.03203125
2 0.5375 0.903125 0.01796875 0.028125
6 0.56640625 0.74453125 0.02109375 0.0328125
6 0.28046875 0.59609375 0.02265625 0.034375
6 0.475 0.39921875 0.0203125 0.028125
6 0.85546875 0.34296875 0.02421875 0.03515625
7 0.5875 0.5828125 0.021875 0.03203125
1 0.50546875 0.63515625 0.02109375 0.0296875