2 0.50625 0.15625 0.02265625 0.028125
3 0.60546875 0.15546875 0.02265625 0.034375
8 0.3265625 0.11796875 0.01953125 0.0296875
1 0.52265625 0.38828125 0.02109375 0.040625
6 0.64453125 0.53125 0.021875 0.0390625
6 0.8125 0.60390625 0.0265625 0.03203125
6 0.859375 0.6234375 0.0234375 0.03515625
6 0.58203125 0.615625 0.02421875 0.0390625
4 0.8421875 0.56953125 0.02734375 0.03125
6 0.578125 0.5234375 0.02421875 0.03828125
6 0.690625 0.6515625 0.02578125 0.03984375
7 0.4109375 0.55 0.02421875 0.0328125