3 0.60546875 0.15546875 0.02265625 0.034375
8 0.4046875 0.15625 0.01953125 0.03203125
1 0.50546875 0.36484375 0.021875 0.0265625
4 0.50625 0.58515625 0.025 0.0359375
7 0.53125 0.11328125 0.01953125 0.03359375
2 0.50625 0.15625 0.02109375 0.028125
6 0.1453125 0.59453125 0.02578125 0.03359375
6 0.36640625 0.67734375 0.02734375 0.03671875
6 0.390625 0.58828125 0.02265625 0.03203125
6 0.45078125 0.596875 0.028125 0.03359375
6 0.57265625 0.609375 0.02109375 0.03203125
6 0.5296875 0.56875 0.021875 0.03203125
6 0.5046875 0.54921875 0.02109375 0.0296875
0 0.5046875 0.75 0.02109375 0.03359375