2 0.50546875 0.15546875 0.01953125 0.03125
3 0.60390625 0.15546875 0.0203125 0.03203125
6 0.38046875 0.49375 0.02734375 0.04296875
4 0.50703125 0.57578125 0.025 0.02265625
8 0.4046875 0.15625 0.01953125 0.03046875
7 0.7328125 0.26015625 0.0265625 0.04296875
0 0.5046875 0.75078125 0.0265625 0.040625
1 0.50390625 0.365625 0.0234375 0.0359375
6 0.54765625 0.6703125 0.02734375 0.03515625
6 0.47578125 0.659375 0.0234375 0.0328125
6 0.50625 0.6515625 0.021875 0.0328125
6 0.53984375 0.6515625 0.02578125 0.0328125
6 0.47265625 0.63203125 0.025 0.0265625
6 0.49453125 0.63515625 0.02109375 0.028125
6 0.5171875 0.6375 0.021875 0.0296875
6 0.54140625 0.634375 0.025 0.0234375
6 0.4828125 0.61484375 0.0234375 0.01640625
6 0.50625 0.615625 0.025 0.0140625
6 0.5296875 0.61640625 0.0234375 0.01328125
6 0.49453125 0.6015625 0.02265625 0.0125
6 0.51796875 0.60234375 0.02421875 0.0140625
6 0.50546875 0.5890625 0.02421875 0.01171875