3 0.60390625 0.15546875 0.02109375 0.0328125
1 0.50546875 0.3671875 0.025 0.03203125
8 0.403125 0.15546875 0.02109375 0.03203125
2 0.5046875 0.15625 0.01953125 0.028125
6 0.56640625 0.60546875 0.0265625 0.040625
4 0.50390625 0.571875 0.02578125 0.03046875
6 0.5171875 0.60546875 0.0234375 0.03203125
6 0.50390625 0.59296875 0.02421875 0.02109375
6 0.5171875 0.6359375 0.025 0.03828125
6 0.50625 0.61640625 0.0203125 0.0203125
6 0.48359375 0.61640625 0.0203125 0.01796875
6 0.496875 0.63984375 0.02109375 0.03671875
6 0.47265625 0.6375 0.021875 0.034375
6 0.45546875 0.65078125 0.02265625 0.034375
6 0.375 0.81640625 0.0265625 0.04296875
7 0.6390625 0.7421875 0.028125 0.0390625
0 0.5046875 0.7484375 0.0296875 0.0359375