8 0.5953125 0.15625 0.01953125 0.03203125
1 0.49453125 0.36484375 0.021875 0.0265625
2 0.49296875 0.15625 0.01796875 0.03203125
3 0.39453125 0.1578125 0.02109375 0.0265625
7 0.4109375 0.3890625 0.02578125 0.03515625
6 0.8546875 0.5921875 0.0234375 0.03515625
6 0.61015625 0.5890625 0.0234375 0.03828125
6 0.634375 0.678125 0.0234375 0.03828125
6 0.5484375 0.5953125 0.02578125 0.03359375
6 0.49453125 0.54921875 0.02578125 0.03046875
6 0.46953125 0.57265625 0.0234375 0.0390625
4 0.49375 0.58046875 0.0234375 0.03203125
0 0.49609375 0.7453125 0.02734375 0.03828125