3 0.60390625 0.15546875 0.02109375 0.0328125
1 0.50546875 0.3671875 0.025 0.03203125
8 0.403125 0.15546875 0.02109375 0.03203125
0 0.5046875 0.7484375 0.0296875 0.0359375
4 0.50859375 0.56640625 0.0234375 0.021875
6 0.51171875 0.5890625 0.02109375 0.03203125
2 0.50546875 0.15625 0.01953125 0.028125
7 0.640625 0.7453125 0.025 0.04453125
6 0.565625 0.60390625 0.028125 0.0390625
6 0.51953125 0.60859375 0.02109375 0.0296875
6 0.51796875 0.63828125 0.02265625 0.0359375
6 0.49453125 0.60390625 0.0234375 0.01640625
6 0.49453125 0.6359375 0.0234375 0.03828125
6 0.45625 0.65078125 0.025 0.03828125
6 0.471875 0.63671875 0.02265625 0.0296875
6 0.37421875 0.8171875 0.02734375 0.0421875