4 0.50859375 0.42421875 0.02109375 0.02734375
6 0.47578125 0.4 0.0203125 0.03203125
6 0.4796875 0.37890625 0.01953125 0.03203125
6 0.49453125 0.35390625 0.02109375 0.03515625
6 0.50703125 0.3828125 0.02265625 0.0328125
6 0.50546875 0.40546875 0.0203125 0.01640625
6 0.52734375 0.39296875 0.02109375 0.0296875
6 0.51875 0.36171875 0.021875 0.0328125
1 0.50625 0.634375 0.02109375 0.03671875
6 0.56640625 0.74609375 0.021875 0.03671875
3 0.60390625 0.84453125 0.02109375 0.0328125
8 0.403125 0.8453125 0.0203125 0.0296875
2 0.53828125 0.9015625 0.021875 0.03046875
6 0.85546875 0.34140625 0.02421875 0.04140625
7 0.584375 0.503125 0.02734375 0.040625
0 0.50703125 0.25234375 0.0265625 0.0375
6 0.23203125 0.575 0.0203125 0.0390625