8 0.59609375 0.15546875 0.02265625 0.0328125
2 0.49375 0.15859375 0.01875 0.02734375
7 0.20859375 0.175 0.0234375 0.03515625
3 0.39453125 0.15625 0.01796875 0.0296875
1 0.49375 0.3671875 0.01953125 0.034375
6 0.49453125 0.55078125 0.02421875 0.03203125
0 0.49609375 0.74921875 0.0265625 0.0390625
6 0.48125 0.69140625 0.02421875 0.03671875
6 0.63359375 0.67734375 0.02578125 0.04453125
6 0.5515625 0.59921875 0.02265625 0.03828125
6 0.85546875 0.59453125 0.02578125 0.0390625
6 0.46796875 0.5734375 0.02109375 0.03671875
4 0.49453125 0.5859375 0.02578125 0.03984375
6 0.6109375 0.59140625 0.0265625 0.0390625