2 0.50625 0.15625 0.02265625 0.028125
3 0.60546875 0.15546875 0.02265625 0.034375
0 0.5046875 0.746875 0.025 0.03984375
8 0.40625 0.1578125 0.01796875 0.03671875
7 0.65703125 0.31640625 0.01953125 0.03671875
1 0.50546875 0.36640625 0.02109375 0.02890625
4 0.50390625 0.58359375 0.0234375 0.03125
6 0.53125 0.56953125 0.0234375 0.0390625
6 0.50546875 0.5484375 0.02265625 0.034375
6 0.51953125 0.690625 0.02265625 0.0390625
6 0.44921875 0.596875 0.0203125 0.03515625
6 0.3890625 0.58828125 0.02109375 0.03671875
6 0.365625 0.67578125 0.01875 0.0390625
6 0.14375 0.59140625 0.02421875 0.03515625