2 0.50625 0.15625 0.02265625 0.028125
3 0.60546875 0.15546875 0.02265625 0.034375
8 0.3265625 0.11796875 0.01953125 0.0296875
1 0.52265625 0.38828125 0.02109375 0.040625
6 0.64453125 0.53125 0.021875 0.0390625
6 0.58203125 0.615625 0.02421875 0.0390625
6 0.4625 0.48984375 0.021875 0.0328125
6 0.5765625 0.52578125 0.0265625 0.03671875
6 0.81171875 0.60625 0.02265625 0.03984375
6 0.8609375 0.6265625 0.02265625 0.0375
6 0.690625 0.6515625 0.02578125 0.0359375
4 0.84140625 0.5703125 0.0265625 0.0375
7 0.46484375 0.590625 0.0265625 0.0375