8 0.59453125 0.84453125 0.02265625 0.0328125
2 0.49375 0.84375 0.01875 0.02734375
3 0.39453125 0.84375 0.01796875 0.0296875
1 0.49296875 0.63203125 0.01953125 0.034375
6 0.52734375 0.36328125 0.0234375 0.0328125
6 0.50546875 0.36796875 0.02421875 0.02421875
4 0.49375 0.42578125 0.0234375 0.02734375
0 0.4953125 0.25078125 0.025 0.04296875
7 0.4515625 0.765625 0.02421875 0.0375
6 0.6171875 0.3734375 0.0234375 0.03359375
6 0.49453125 0.3484375 0.02421875 0.0375
6 0.51875 0.33828125 0.025 0.03671875
6 0.61171875 0.3484375 0.0296875 0.0390625
6 0.48203125 0.3640625 0.02109375 0.0265625
6 0.45859375 0.3640625 0.0265625 0.03125
6 0.51640625 0.38203125 0.02109375 0.01640625
6 0.49375 0.3828125 0.02421875 0.015625
6 0.4703125 0.38359375 0.02578125 0.01640625
6 0.5078125 0.39609375 0.02421875 0.0140625
6 0.4828125 0.3953125 0.028125 0.01640625
6 0.49453125 0.4109375 0.0265625 0.0140625
6 0.4703125 0.34296875 0.02421875 0.0328125