3 0.60546875 0.15546875 0.02265625 0.034375
8 0.4046875 0.15625 0.01953125 0.03203125
1 0.50546875 0.36484375 0.021875 0.0265625
2 0.51484375 0.15078125 0.0171875 0.028125
6 0.4078125 0.6171875 0.025 0.03515625
0 0.4609375 0.82265625 0.02734375 0.0375
7 0.77421875 0.45546875 0.0234375 0.03671875
6 0.3671875 0.56875 0.02578125 0.03671875
6 0.41015625 0.63203125 0.02265625 0.03671875
6 0.44765625 0.6265625 0.02734375 0.03359375
6 0.45234375 0.65859375 0.021875 0.03359375
6 0.44140625 0.67734375 0.0234375 0.03671875
6 0.48046875 0.653125 0.02421875 0.0328125
6 0.5265625 0.7375 0.02265625 0.0359375
6 0.56875 0.725 0.02734375 0.04140625
6 0.6171875 0.65 0.0265625 0.0359375
6 0.5125 0.603125 0.021875 0.02421875
6 0.503125 0.62265625 0.02421875 0.028125
6 0.528125 0.6265625 0.0234375 0.03359375
6 0.5390625 0.63828125 0.0203125 0.0328125
6 0.50546875 0.58984375 0.0203125 0.025
4 0.50859375 0.56796875 0.025 0.02265625