2 0.49375 0.84375 0.02265625 0.028125
3 0.39453125 0.84453125 0.02265625 0.034375
0 0.496875 0.2515625 0.0234375 0.0359375
7 0.26015625 0.9390625 0.0171875 0.0296875
1 0.49453125 0.63203125 0.01875 0.0359375
8 0.5953125 0.8453125 0.025 0.0375
4 0.49609375 0.41640625 0.0265625 0.03046875
6 0.46953125 0.4296875 0.021875 0.0359375
6 0.4953125 0.4515625 0.02265625 0.03203125
6 0.55 0.403125 0.02421875 0.03515625
6 0.61171875 0.41015625 0.02578125 0.0390625
6 0.63359375 0.31953125 0.0234375 0.03984375
6 0.4796875 0.309375 0.02421875 0.03359375
6 0.85625 0.40859375 0.021875 0.03515625