3 0.39609375 0.15546875 0.02109375 0.0328125
8 0.596875 0.1546875 0.0203125 0.0296875
2 0.4625 0.096875 0.01796875 0.028125
6 0.43359375 0.25546875 0.02109375 0.0328125
1 0.49453125 0.36484375 0.02109375 0.0296875
6 0.33984375 0.55703125 0.025 0.03671875
6 0.5734375 0.58671875 0.025 0.03359375
6 0.40234375 0.56015625 0.025 0.03671875
4 0.48984375 0.5671875 0.02578125 0.02734375
6 0.490625 0.59140625 0.0234375 0.02578125
6 0.5078125 0.603125 0.0234375 0.034375
6 0.5625 0.665625 0.028125 0.0390625
7 0.61640625 0.59296875 0.028125 0.0390625
6 0.83125 0.60390625 0.0234375 0.040625