2 0.50546875 0.15703125 0.02109375 0.02578125
0 0.5046875 0.75 0.02421875 0.040625
1 0.50546875 0.3640625 0.02109375 0.02890625
3 0.6078125 0.15390625 0.0203125 0.0296875
8 0.4046875 0.15546875 0.025 0.0328125
7 0.603125 0.446875 0.02109375 0.0375
6 0.7265625 0.66484375 0.02265625 0.0390625
6 0.61640625 0.60703125 0.02734375 0.03203125
6 0.56484375 0.60546875 0.02578125 0.0375
6 0.546875 0.678125 0.02421875 0.0375
6 0.47578125 0.684375 0.02265625 0.0375
6 0.496875 0.67421875 0.02265625 0.0359375
6 0.46953125 0.6375 0.02578125 0.0375
6 0.49375 0.63515625 0.02421875 0.0359375
6 0.51796875 0.63828125 0.025 0.0328125
6 0.51875 0.60703125 0.02734375 0.034375
6 0.50390625 0.59140625 0.02578125 0.01796875
6 0.484375 0.615625 0.02109375 0.02109375
6 0.375 0.815625 0.025 0.040625
4 0.5046875 0.5703125 0.025 0.02734375