2 0.4953125 0.84375 0.0203125 0.03046875
1 0.49296875 0.634375 0.0203125 0.03125
0 0.49609375 0.2515625 0.0265625 0.03359375
8 0.59453125 0.8453125 0.01796875 0.02890625
3 0.39453125 0.84140625 0.02109375 0.02890625
7 0.328125 0.46796875 0.0234375 0.03515625
6 0.46953125 0.42734375 0.02578125 0.0390625
6 0.4953125 0.44921875 0.02265625 0.0328125
6 0.48203125 0.36171875 0.0234375 0.03828125
6 0.50546875 0.36171875 0.02578125 0.03828125
6 0.55234375 0.40390625 0.02578125 0.03984375
6 0.58359375 0.36484375 0.025 0.0359375
6 0.6125 0.4109375 0.025 0.0359375