8 0.596875 0.15546875 0.02265625 0.0328125
2 0.49375 0.15859375 0.01875 0.02734375
7 0.25234375 0.078125 0.0234375 0.03671875
3 0.39453125 0.15625 0.01796875 0.0296875
1 0.49453125 0.365625 0.01953125 0.034375
6 0.5515625 0.59609375 0.02890625 0.03984375
6 0.46875 0.57265625 0.0234375 0.0390625
6 0.634375 0.68046875 0.025 0.0421875
6 0.61171875 0.58984375 0.02578125 0.0421875
0 0.49609375 0.74765625 0.02421875 0.04140625
6 0.48125 0.69140625 0.02421875 0.03984375
6 0.49609375 0.5484375 0.0265625 0.03203125
4 0.4984375 0.58515625 0.02578125 0.03984375
6 0.8546875 0.59140625 0.02421875 0.03671875