3 0.60546875 0.84453125 0.02265625 0.034375
8 0.4046875 0.84375 0.01953125 0.03203125
1 0.50546875 0.63515625 0.021875 0.0265625
2 0.51484375 0.84921875 0.0171875 0.028125
6 0.4078125 0.3828125 0.025 0.03515625
6 0.45625 0.36640625 0.0265625 0.03515625
6 0.478125 0.3375 0.0234375 0.0390625
6 0.50078125 0.34921875 0.025 0.03046875
6 0.5296875 0.3484375 0.0234375 0.03515625
6 0.540625 0.3625 0.02578125 0.03515625
6 0.484375 0.37578125 0.02421875 0.03359375
6 0.5203125 0.3921875 0.0203125 0.03046875
6 0.49609375 0.39375 0.0234375 0.01953125
4 0.50625 0.42109375 0.025 0.02421875
0 0.4609375 0.17734375 0.02734375 0.0375
6 0.553125 0.38046875 0.02109375 0.03203125
7 0.58671875 0.91796875 0.0203125 0.03203125