8 0.59609375 0.84296875 0.0203125 0.03203125
2 0.49453125 0.8453125 0.01875 0.0328125
3 0.39609375 0.84140625 0.0203125 0.03046875
1 0.4953125 0.63515625 0.021875 0.03671875
6 0.6953125 0.58203125 0.02109375 0.03359375
4 0.453125 0.57734375 0.021875 0.03359375
6 0.14921875 0.5078125 0.02578125 0.04140625
6 0.825 0.35703125 0.0234375 0.04140625
6 0.5078125 0.425 0.021875 0.03828125
0 0.6640625 0.20390625 0.02578125 0.0421875
6 0.6625 0.26875 0.025 0.0375
6 0.49921875 0.259375 0.0234375 0.04140625
6 0.52421875 0.33828125 0.02265625 0.0390625
6 0.42421875 0.3453125 0.028125 0.0421875
6 0.40546875 0.3921875 0.028125 0.04296875
6 0.5328125 0.390625 0.021875 0.0359375
6 0.51796875 0.37734375 0.0203125 0.0296875
6 0.496875 0.384375 0.0203125 0.03125
6 0.50390625 0.3625 0.01953125 0.02890625
6 0.4921875 0.34765625 0.02109375 0.0359375
7 0.496875 0.7765625 0.0296875 0.0484375