8 0.403125 0.15625 0.02421875 0.03046875
1 0.50390625 0.36484375 0.02109375 0.03359375
3 0.60390625 0.15703125 0.01640625 0.025
7 0.6015625 0.0515625 0.02265625 0.03046875
2 0.5046875 0.15625 0.0171875 0.0234375
4 0.50390625 0.584375 0.02109375 0.040625
0 0.5046875 0.75 0.02734375 0.0359375
6 0.36640625 0.67734375 0.025 0.03984375
6 0.38828125 0.58828125 0.02265625 0.034375
6 0.45 0.5953125 0.02265625 0.0359375
6 0.50546875 0.54765625 0.02265625 0.0296875
6 0.53203125 0.5734375 0.025 0.040625
6 0.1453125 0.59296875 0.0265625 0.03046875