8 0.5953125 0.15703125 0.02109375 0.03203125
2 0.49453125 0.15625 0.0203125 0.03203125
1 0.4921875 0.3671875 0.0234375 0.0328125
6 0.6109375 0.5875 0.0265625 0.0421875
6 0.49375 0.55 0.021875 0.03671875
6 0.62734375 0.675 0.02578125 0.0375
6 0.77265625 0.60234375 0.0265625 0.0390625
6 0.4796875 0.6890625 0.02421875 0.03828125
6 0.55 0.59609375 0.02421875 0.034375
6 0.4671875 0.57109375 0.02265625 0.03828125
4 0.4953125 0.58515625 0.02421875 0.03984375
7 0.32421875 0.5546875 0.025 0.03828125
3 0.39453125 0.15703125 0.01875 0.0265625
0 0.4953125 0.75 0.02265625 0.04296875