8 0.40390625 0.84453125 0.0203125 0.03125
7 0.7015625 0.58359375 0.028125 0.03984375
2 0.5390625 0.90234375 0.0203125 0.03125
3 0.6046875 0.84140625 0.02421875 0.0328125
6 0.4953125 0.35625 0.02109375 0.034375
6 0.51953125 0.359375 0.02265625 0.0359375
6 0.50234375 0.38359375 0.0234375 0.0265625
6 0.5203125 0.390625 0.01953125 0.03359375
6 0.48046875 0.378125 0.02109375 0.028125
6 0.50703125 0.40859375 0.0234375 0.02734375
4 0.50859375 0.43125 0.025 0.01953125
6 0.85625 0.340625 0.02578125 0.040625
6 0.2796875 0.5921875 0.02265625 0.034375
6 0.47421875 0.3984375 0.02265625 0.03203125
0 0.5046875 0.25 0.02578125 0.04375
6 0.39296875 0.190625 0.00078125 0.00078125
6 0.5671875 0.746875 0.0203125 0.03046875