8 0.596875 0.84375 0.02421875 0.03046875
7 0.5484375 0.84765625 0.01953125 0.021875
2 0.4859375 0.84921875 0.02109375 0.03046875
3 0.34296875 0.89765625 0.0171875 0.03046875
1 0.49609375 0.63515625 0.02109375 0.03359375
0 0.578125 0.16484375 0.025 0.025
4 0.48671875 0.4296875 0.0234375 0.03828125
6 0.61640625 0.39765625 0.02734375 0.03828125
6 0.68671875 0.18671875 0.02734375 0.03984375
6 0.56875 0.3296875 0.025 0.04140625
6 0.515625 0.1953125 0.0265625 0.03984375
6 0.52734375 0.36015625 0.02109375 0.03671875
6 0.51953125 0.34375 0.02421875 0.04296875
6 0.50859375 0.36875 0.0265625 0.03671875
6 0.4765625 0.4078125 0.02109375 0.0296875
6 0.5140625 0.42421875 0.02109375 0.03828125
6 0.35625 0.434375 0.0234375 0.03203125
6 0.42265625 0.378125 0.021875 0.03671875
6 0.41484375 0.21640625 0.025 0.03359375
6 0.47109375 0.2125 0.0265625 0.04140625
6 0.23828125 0.40703125 0.028125 0.03984375
6 0.18515625 0.3796875 0.0265625 0.04140625