4 0.49140625 0.42890625 0.021875 0.025
3 0.39609375 0.84453125 0.02109375 0.0328125
8 0.596875 0.8453125 0.0203125 0.0296875
2 0.4625 0.903125 0.01796875 0.028125
6 0.43359375 0.74453125 0.02109375 0.0328125
1 0.49453125 0.63515625 0.02109375 0.0296875
6 0.48984375 0.4078125 0.0234375 0.02578125
6 0.509375 0.39765625 0.025 0.034375
6 0.56328125 0.33515625 0.02265625 0.0390625
6 0.57421875 0.41640625 0.02265625 0.034375
6 0.40078125 0.4421875 0.02734375 0.034375
6 0.34140625 0.44453125 0.025 0.0359375
6 0.82109375 0.39921875 0.02578125 0.0375
7 0.6171875 0.4125 0.02578125 0.0375