3 0.60390625 0.15546875 0.02109375 0.0328125
2 0.5375 0.096875 0.01796875 0.028125
1 0.50546875 0.36484375 0.02109375 0.0296875
6 0.4265625 0.58671875 0.025 0.03359375
4 0.51015625 0.5671875 0.02578125 0.02734375
6 0.509375 0.59140625 0.0234375 0.02578125
6 0.4921875 0.603125 0.0234375 0.034375
6 0.85546875 0.65546875 0.02890625 0.03671875
6 0.65859375 0.5546875 0.0234375 0.0359375
0 0.50546875 0.7484375 0.028125 0.04375
6 0.1609375 0.60234375 0.02578125 0.04375
7 0.196875 0.7125 0.0296875 0.0453125
8 0.40390625 0.15234375 0.0265625 0.03125
6 0.59921875 0.5578125 0.02265625 0.034375
6 0.5671875 0.25234375 0.0234375 0.03828125