8 0.40546875 0.8453125 0.02109375 0.03203125
2 0.50546875 0.84375 0.0203125 0.03203125
1 0.5046875 0.63359375 0.0234375 0.0328125
6 0.178125 0.4078125 0.0265625 0.0421875
6 0.38984375 0.41171875 0.02578125 0.0375
6 0.44921875 0.4015625 0.02109375 0.03515625
6 0.521875 0.309375 0.02421875 0.03828125
6 0.53125 0.43046875 0.0234375 0.04140625
0 0.503125 0.24921875 0.02734375 0.0421875
6 0.365625 0.32265625 0.02421875 0.034375
6 0.50546875 0.45234375 0.02421875 0.03515625
4 0.50390625 0.4109375 0.02421875 0.03984375
7 0.71875 0.54765625 0.025 0.03828125
3 0.60546875 0.84296875 0.01875 0.0265625