2 0.49453125 0.15546875 0.01953125 0.03125
3 0.39609375 0.15546875 0.0203125 0.03203125
4 0.46484375 0.47109375 0.0296875 0.03359375
8 0.5953125 0.15625 0.01953125 0.03046875
7 0.4484375 0.6890625 0.02734375 0.03984375
1 0.49609375 0.365625 0.0234375 0.0359375
6 0.83125 0.48828125 0.02734375 0.03515625
6 0.79296875 0.64140625 0.02578125 0.03671875
6 0.52421875 0.6609375 0.021875 0.0328125
6 0.42578125 0.6546875 0.025 0.0375
6 0.50546875 0.63515625 0.02109375 0.028125
6 0.49375 0.6546875 0.0234375 0.034375
6 0.4046875 0.60703125 0.02578125 0.0375
6 0.52109375 0.62421875 0.02421875 0.03125
6 0.49765625 0.61484375 0.02421875 0.03046875
6 0.3671875 0.65546875 0.025 0.0375
6 0.50703125 0.57421875 0.0234375 0.03359375
6 0.26171875 0.54609375 0.02578125 0.03828125
6 0.50546875 0.54921875 0.02421875 0.02890625
6 0.18671875 0.6828125 0.02421875 0.03671875