2 0.49453125 0.153125 0.01875 0.03203125
6 0.50703125 0.63359375 0.02109375 0.0375
6 0.52890625 0.640625 0.021875 0.0390625
6 0.51875 0.65703125 0.0234375 0.03046875
6 0.33828125 0.8078125 0.02734375 0.0421875
8 0.6046875 0.14765625 0.01953125 0.025
6 0.2328125 0.55703125 0.02265625 0.03828125
3 0.2890625 0.0328125 0.01640625 0.02890625
1 0.496875 0.36484375 0.02265625 0.028125
4 0.49375 0.584375 0.0203125 0.0359375
7 0.2984375 0.47421875 0.025 0.0390625
6 0.4515625 0.78125 0.0234375 0.04375
0 0.3765625 0.83125 0.02890625 0.02890625
6 0.5125 0.7296875 0.028125 0.0390625
6 0.21640625 0.83359375 0.028125 0.02421875