8 0.40390625 0.15390625 0.0203125 0.02890625
2 0.50546875 0.15703125 0.0203125 0.02890625
1 0.50390625 0.36484375 0.02109375 0.03046875
7 0.41796875 0.83046875 0.0265625 0.0421875
0 0.50546875 0.7515625 0.025 0.03984375
6 0.5328125 0.80390625 0.02421875 0.040625
6 0.53359375 0.65546875 0.021875 0.034375
6 0.54453125 0.6375 0.021875 0.0359375
4 0.50703125 0.57265625 0.0265625 0.02109375
6 0.47109375 0.63671875 0.0234375 0.034375
6 0.49375 0.6359375 0.02109375 0.03359375
6 0.51796875 0.63828125 0.02265625 0.03515625
6 0.4828125 0.61484375 0.021875 0.0140625
6 0.50625 0.6140625 0.02421875 0.01328125
6 0.49375 0.6015625 0.0234375 0.01484375
6 0.51796875 0.60625 0.02109375 0.02578125
6 0.5015625 0.58515625 0.028125 0.015625
3 0.2515625 0.0734375 0.01796875 0.028125
6 0.109375 0.8375 0.025 0.0375