3 0.39375 0.84296875 0.02265625 0.0328125
2 0.49296875 0.84375 0.0203125 0.03046875
8 0.59609375 0.84453125 0.0234375 0.03203125
1 0.28203125 0.9515625 0.01875 0.034375
6 0.48125 0.225 0.02421875 0.0359375
6 0.590625 0.3484375 0.0234375 0.03828125
6 0.6234375 0.31171875 0.02578125 0.040625
6 0.825 0.35625 0.0203125 0.0359375
6 0.84765625 0.46328125 0.02578125 0.0375
4 0.45390625 0.57578125 0.02421875 0.04375
6 0.696875 0.5828125 0.02109375 0.03359375
6 0.70078125 0.2859375 0.021875 0.0421875
7 0.40390625 0.434375 0.025 0.03984375