8 0.175 0.5953125 0.02265625 0.03671875
2 0.50546875 0.84296875 0.01953125 0.0296875
3 0.6046875 0.8421875 0.01875 0.0359375
1 0.50546875 0.63515625 0.02265625 0.0359375
7 0.24765625 0.83984375 0.021875 0.03515625
6 0.14453125 0.40703125 0.02421875 0.040625
0 0.5046875 0.25078125 0.02578125 0.040625
4 0.50625 0.41640625 0.02265625 0.0359375
6 0.365625 0.321875 0.02734375 0.0390625
6 0.38984375 0.409375 0.025 0.04296875
6 0.45 0.40078125 0.025 0.04296875
6 0.5328125 0.4265625 0.0265625 0.040625
6 0.50546875 0.45078125 0.021875 0.03984375