3 0.60390625 0.84453125 0.02109375 0.0328125
4 0.51015625 0.4328125 0.02578125 0.02734375
6 0.509375 0.40859375 0.0234375 0.02578125
6 0.4921875 0.396875 0.0234375 0.034375
2 0.53828125 0.90390625 0.01953125 0.02734375
6 0.4265625 0.4140625 0.02578125 0.03671875
6 0.6578125 0.4453125 0.025 0.0421875
6 0.16015625 0.39921875 0.021875 0.03359375
6 0.56796875 0.74375 0.01953125 0.03671875
8 0.4046875 0.84375 0.01953125 0.03046875
6 0.5984375 0.44140625 0.02734375 0.0453125
1 0.50546875 0.634375 0.025 0.03359375