8 0.1828125 0.58359375 0.02421875 0.04453125
2 0.50546875 0.84296875 0.01953125 0.0296875
3 0.6046875 0.8421875 0.01875 0.0359375
1 0.50546875 0.63515625 0.02265625 0.0359375
7 0.23671875 0.5765625 0.028125 0.0390625
6 0.15234375 0.39296875 0.0265625 0.04140625
0 0.5046875 0.25078125 0.02578125 0.040625
4 0.46328125 0.18046875 0.0296875 0.0421875
6 0.365625 0.321875 0.02734375 0.0390625
6 0.38984375 0.409375 0.025 0.04296875
6 0.45 0.40078125 0.025 0.04296875
6 0.47578125 0.41640625 0.021875 0.03984375