7 0.5125 0.303125 0.02578125 0.03828125
8 0.59609375 0.15390625 0.01953125 0.034375
2 0.48671875 0.15078125 0.01953125 0.03046875
3 0.35078125 0.1109375 0.0234375 0.0328125
1 0.49375 0.36640625 0.0203125 0.03046875
0 0.5734375 0.83671875 0.02578125 0.03671875
6 0.6875 0.81328125 0.02578125 0.03828125
6 0.51484375 0.80625 0.02890625 0.0375
6 0.59765625 0.5578125 0.025 0.03984375
6 0.5484375 0.6578125 0.02421875 0.0359375
6 0.5203125 0.6515625 0.02265625 0.03671875
6 0.4625 0.61171875 0.02421875 0.03828125
4 0.4875 0.5671875 0.0234375 0.03515625
6 0.2125 0.7921875 0.02734375 0.0421875
6 0.4703125 0.78359375 0.02578125 0.040625
6 0.415625 0.784375 0.02734375 0.04296875
6 0.40859375 0.73671875 0.02734375 0.04140625
6 0.51484375 0.5734375 0.02421875 0.03828125
6 0.42265625 0.6234375 0.02265625 0.03671875
6 0.50546875 0.63125 0.02265625 0.0359375
6 0.47734375 0.5890625 0.02421875 0.02890625
6 0.52734375 0.634375 0.02109375 0.02734375