8 0.403125 0.84375 0.02421875 0.03046875
1 0.50390625 0.63515625 0.02109375 0.03359375
3 0.60390625 0.84296875 0.01640625 0.025
2 0.5046875 0.84375 0.0171875 0.0234375
4 0.50390625 0.415625 0.02109375 0.040625
0 0.5046875 0.25 0.02734375 0.0359375
6 0.36640625 0.32265625 0.025 0.03984375
6 0.38828125 0.41171875 0.02265625 0.034375
6 0.45 0.4046875 0.02265625 0.0359375
6 0.50546875 0.45234375 0.02265625 0.0296875
6 0.53203125 0.4265625 0.025 0.040625
6 0.1453125 0.40703125 0.0265625 0.03046875
7 0.65390625 0.94453125 0.021875 0.03046875