8 0.40390625 0.84453125 0.02109375 0.0296875
2 0.50546875 0.84453125 0.0203125 0.0296875
3 0.60546875 0.84453125 0.0203125 0.02890625
1 0.5046875 0.63359375 0.02109375 0.03984375
4 0.50625 0.42265625 0.0234375 0.021875
6 0.4703125 0.365625 0.02265625 0.0296875
6 0.47578125 0.33984375 0.02109375 0.03046875
6 0.5078125 0.34609375 0.02109375 0.0328125
6 0.5265625 0.31953125 0.025 0.03828125
6 0.5296875 0.35078125 0.02265625 0.03515625
6 0.54140625 0.36171875 0.0203125 0.0328125
6 0.4953125 0.3625 0.02265625 0.03515625
0 0.5046875 0.25 0.028125 0.03828125
6 0.52734375 0.38046875 0.0203125 0.028125
6 0.50703125 0.3765625 0.021875 0.02890625
6 0.48359375 0.38046875 0.02109375 0.02109375
6 0.51484375 0.3921875 0.02109375 0.03046875
6 0.49453125 0.39296875 0.02109375 0.02578125
6 0.5046875 0.40546875 0.02578125 0.0203125
7 0.18125 0.340625 0.02890625 0.0421875