3 0.60703125 0.15625 0.021875 0.03671875
2 0.50546875 0.15703125 0.02109375 0.02578125
8 0.40390625 0.15546875 0.021875 0.03203125
0 0.5046875 0.74765625 0.02578125 0.03671875
1 0.50625 0.36484375 0.02109375 0.02734375
7 0.35390625 0.74765625 0.0265625 0.0453125
4 0.50234375 0.65078125 0.02578125 0.03984375
6 0.47265625 0.63515625 0.0234375 0.03359375
6 0.5171875 0.63671875 0.025 0.03515625
6 0.49375 0.6359375 0.0234375 0.03359375
6 0.51875 0.60703125 0.025 0.0296875
6 0.50390625 0.58984375 0.02109375 0.0171875
6 0.4828125 0.61640625 0.02265625 0.01875
6 0.4953125 0.60390625 0.021875 0.02109375