3 0.39453125 0.84453125 0.02265625 0.034375
8 0.5953125 0.84375 0.01953125 0.03203125
1 0.49453125 0.63515625 0.021875 0.0265625
2 0.48515625 0.84921875 0.0171875 0.028125
6 0.5921875 0.3828125 0.025 0.03515625
0 0.5390625 0.17734375 0.02734375 0.0375
7 0.22578125 0.54453125 0.0234375 0.03671875
6 0.6328125 0.43125 0.02578125 0.03671875
6 0.58984375 0.36796875 0.02265625 0.03671875
6 0.55234375 0.3734375 0.02734375 0.03359375
6 0.54765625 0.34140625 0.021875 0.03359375
6 0.55859375 0.32265625 0.0234375 0.03671875
6 0.51953125 0.346875 0.02421875 0.0328125
6 0.4734375 0.2625 0.02265625 0.0359375
6 0.43125 0.275 0.02734375 0.04140625
6 0.3828125 0.35 0.0265625 0.0359375
6 0.4875 0.396875 0.021875 0.02421875
6 0.496875 0.37734375 0.02421875 0.028125
6 0.471875 0.3734375 0.0234375 0.03359375
6 0.4609375 0.36171875 0.0203125 0.0328125
6 0.49453125 0.41015625 0.0203125 0.025
4 0.49140625 0.43203125 0.025 0.02265625