3 0.2515625 0.07265625 0.02109375 0.0296875
8 0.4046875 0.1546875 0.021875 0.0359375
2 0.50546875 0.1546875 0.02109375 0.034375
1 0.50234375 0.36640625 0.02421875 0.03671875
7 0.7796875 0.3359375 0.02734375 0.04296875
4 0.50625 0.575 0.02109375 0.0234375
6 0.534375 0.653125 0.02421875 0.03671875
6 0.47109375 0.63984375 0.02109375 0.0359375
6 0.49296875 0.6375 0.02109375 0.0359375
6 0.51640625 0.6390625 0.021875 0.03828125
6 0.54609375 0.6375 0.0234375 0.03984375
6 0.48359375 0.6125 0.021875 0.015625
6 0.50703125 0.6140625 0.02578125 0.01640625
6 0.4953125 0.60078125 0.02578125 0.0171875
6 0.51796875 0.60625 0.02265625 0.0234375
6 0.5046875 0.58984375 0.02421875 0.01484375
0 0.50390625 0.75078125 0.02421875 0.0421875