2 0.50625 0.15625 0.02265625 0.028125
3 0.60546875 0.15546875 0.02265625 0.034375
0 0.503125 0.7484375 0.0234375 0.0359375
7 0.73984375 0.0609375 0.0171875 0.0296875
1 0.50546875 0.36796875 0.01875 0.0359375
8 0.4046875 0.1546875 0.025 0.0375
4 0.50390625 0.58359375 0.0265625 0.03046875
6 0.53046875 0.5703125 0.021875 0.0359375
6 0.5046875 0.5484375 0.02265625 0.03203125
6 0.45 0.596875 0.02421875 0.03515625
6 0.38828125 0.58984375 0.02578125 0.0390625
6 0.36640625 0.68046875 0.0234375 0.03984375
6 0.5203125 0.690625 0.02421875 0.03359375
6 0.14375 0.59140625 0.021875 0.03515625