8 0.403125 0.15546875 0.01953125 0.03515625
2 0.50625 0.15703125 0.0203125 0.0296875
3 0.60625 0.15546875 0.01875 0.0296875
7 0.66484375 0.6484375 0.02421875 0.03828125
1 0.50625 0.36640625 0.0234375 0.03515625
0 0.5046875 0.75078125 0.025 0.0375
6 0.38828125 0.5890625 0.0234375 0.0375
6 0.44921875 0.59453125 0.025 0.04140625
6 0.49375 0.63828125 0.02421875 0.0359375
6 0.51875 0.63828125 0.02421875 0.03828125
6 0.4171875 0.6328125 0.02578125 0.03984375
6 0.50390625 0.55 0.0296875 0.03984375
6 0.53125 0.571875 0.03046875 0.034375