4 0.49140625 0.42890625 0.021875 0.025
6 0.49296875 0.3828125 0.02265625 0.0328125
6 0.49453125 0.40546875 0.0203125 0.01640625
6 0.4765625 0.39296875 0.0140625 0.0296875
6 0.48125 0.36171875 0.021875 0.0328125
3 0.39609375 0.84453125 0.02109375 0.0328125
8 0.596875 0.8453125 0.0203125 0.0296875
0 0.49296875 0.25234375 0.0265625 0.0375
6 0.51640625 0.384375 0.021875 0.0203125
6 0.50390625 0.3609375 0.021875 0.03203125
2 0.4625 0.903125 0.01796875 0.028125
6 0.43359375 0.74453125 0.02109375 0.0328125
7 0.3578125 0.596875 0.0234375 0.03671875
6 0.7203125 0.596875 0.02109375 0.03359375
6 0.525 0.39921875 0.0203125 0.028125