2 0.49453125 0.153125 0.01875 0.03203125
1 0.49609375 0.365625 0.02421875 0.03203125
7 0.7515625 0.1609375 0.01875 0.03671875
3 0.39453125 0.15703125 0.021875 0.03359375
8 0.81015625 0.39140625 0.025 0.0359375
6 0.85546875 0.5921875 0.02734375 0.04296875
6 0.63359375 0.678125 0.02578125 0.040625
6 0.61015625 0.58828125 0.0265625 0.0359375
6 0.55078125 0.5953125 0.0265625 0.03046875
6 0.49609375 0.54765625 0.021875 0.03203125
6 0.46875 0.571875 0.02265625 0.03359375
4 0.4953125 0.584375 0.02265625 0.03359375
0 0.4953125 0.74921875 0.02421875 0.0390625