2 0.49453125 0.846875 0.01875 0.03203125
4 0.48359375 0.41953125 0.02578125 0.0390625
6 0.35625 0.434375 0.02578125 0.040625
6 0.50703125 0.36640625 0.02109375 0.0375
6 0.52890625 0.359375 0.021875 0.0390625
6 0.51875 0.34296875 0.0234375 0.03046875
6 0.68828125 0.18515625 0.0265625 0.0421875
6 0.415625 0.2140625 0.0265625 0.0390625
0 0.5765625 0.16328125 0.02890625 0.03203125
6 0.565625 0.60859375 0.01875 0.0421875
6 0.33828125 0.1921875 0.02734375 0.0421875
6 0.215625 0.16484375 0.02734375 0.02734375
3 0.32421875 0.9515625 0.02109375 0.0296875
8 0.6046875 0.85234375 0.01953125 0.025
6 0.2375 0.303125 0.0265625 0.03828125
1 0.525 0.50234375 0.0265625 0.03359375
7 0.81171875 0.4765625 0.03125 0.0421875
6 0.425 0.39453125 0.02421875 0.03125
6 0.41328125 0.3703125 0.02265625 0.03828125
6 0.3921875 0.20078125 0.02421875 0.0453125