2 0.49453125 0.846875 0.01875 0.03203125
7 0.68125 0.8515625 0.01875 0.03046875
8 0.65546875 0.77734375 0.021875 0.03984375
3 0.39765625 0.8421875 0.0203125 0.0265625
1 0.49296875 0.634375 0.021875 0.0296875
6 0.61171875 0.4109375 0.02265625 0.0390625
6 0.85625 0.40703125 0.02265625 0.034375
6 0.6328125 0.3203125 0.025 0.04296875
6 0.5515625 0.40390625 0.021875 0.03359375
6 0.49453125 0.45234375 0.021875 0.03046875
6 0.4703125 0.428125 0.021875 0.0390625
4 0.49453125 0.4125 0.02265625 0.0375
0 0.49609375 0.2515625 0.02734375 0.034375