2 0.49453125 0.15703125 0.02109375 0.02578125
0 0.4953125 0.75 0.02421875 0.040625
1 0.49453125 0.3640625 0.02109375 0.02890625
8 0.5953125 0.15546875 0.02109375 0.02734375
8 0.39375 0.1546875 0.021875 0.03203125
7 0.30703125 0.53515625 0.0234375 0.0375
6 0.46953125 0.57109375 0.021875 0.040625
6 0.49375 0.54921875 0.02421875 0.03359375
6 0.6125 0.5875 0.0265625 0.03359375
6 0.58359375 0.63046875 0.021875 0.03203125
6 0.55078125 0.596875 0.02421875 0.03203125
6 0.5046875 0.6359375 0.02265625 0.034375
6 0.48125 0.6390625 0.02421875 0.040625