8 0.4046875 0.84375 0.02109375 0.0328125
2 0.50625 0.8421875 0.02109375 0.03203125
3 0.60703125 0.8421875 0.021875 0.03359375
6 0.61640625 0.38671875 0.02421875 0.0390625
6 0.54609375 0.32109375 0.0265625 0.040625
6 0.56640625 0.39375 0.02578125 0.03984375
6 0.47109375 0.36171875 0.02421875 0.0359375
0 0.50390625 0.2484375 0.0265625 0.0453125
6 0.72890625 0.33125 0.0265625 0.04296875
6 0.37421875 0.184375 0.0234375 0.03828125
6 0.5171875 0.24375 0.02734375 0.03828125
4 0.5046875 0.43125 0.02421875 0.02578125
6 0.47578125 0.3125 0.0234375 0.03828125
6 0.496875 0.32265625 0.021875 0.03984375
1 0.50625 0.63671875 0.02421875 0.03828125
6 0.49453125 0.3625 0.02109375 0.0328125
6 0.5171875 0.36171875 0.02265625 0.03515625
6 0.4828125 0.38515625 0.0234375 0.015625
6 0.50703125 0.3859375 0.02734375 0.015625
6 0.4953125 0.39765625 0.028125 0.01328125
6 0.51875 0.39375 0.02109375 0.02421875
6 0.50390625 0.41171875 0.02421875 0.01328125