8 0.40625 0.1546875 0.02109375 0.03203125
2 0.50546875 0.15625 0.0203125 0.03203125
1 0.50703125 0.36796875 0.0234375 0.0328125
6 0.88671875 0.82109375 0.025 0.04609375
6 0.37421875 0.81796875 0.0265625 0.0421875
6 0.54453125 0.67890625 0.02578125 0.03828125
6 0.4765625 0.684375 0.02578125 0.0375
6 0.49765625 0.675 0.02109375 0.03515625
6 0.565625 0.6046875 0.02421875 0.03828125
6 0.471875 0.6375 0.021875 0.02890625
6 0.49375 0.63515625 0.0234375 0.02890625
6 0.48515625 0.61484375 0.02578125 0.01640625
6 0.50625 0.6140625 0.025 0.0203125
6 0.615625 0.6109375 0.02265625 0.03828125
0 0.5046875 0.7515625 0.025 0.04609375
4 0.50390625 0.56640625 0.025 0.02109375
6 0.51640625 0.6359375 0.02265625 0.0296875
7 0.66796875 0.684375 0.02734375 0.04296875
3 0.6046875 0.15625 0.02109375 0.0265625
6 0.51875 0.6046875 0.0234375 0.02578125
6 0.4953125 0.60078125 0.025 0.0140625
6 0.503125 0.58671875 0.02578125 0.01484375