8 0.40546875 0.84453125 0.02265625 0.0328125
2 0.50625 0.84140625 0.01875 0.02734375
3 0.60546875 0.84375 0.01796875 0.0296875
1 0.50703125 0.63203125 0.01953125 0.034375
6 0.53046875 0.4328125 0.0234375 0.0390625
6 0.44765625 0.403125 0.02421875 0.0328125
6 0.50546875 0.45390625 0.02734375 0.0390625
4 0.50390625 0.415625 0.02578125 0.03984375
0 0.5046875 0.25078125 0.025 0.04296875
7 0.64375 0.15859375 0.02578125 0.0359375
6 0.35703125 0.23515625 0.02890625 0.040625
6 0.38828125 0.41015625 0.02421875 0.0375
6 0.3640625 0.321875 0.025 0.03671875
6 0.1453125 0.4078125 0.0296875 0.0390625