3 0.60546875 0.84453125 0.02265625 0.034375
8 0.4046875 0.84375 0.01953125 0.03203125
1 0.50546875 0.63515625 0.021875 0.0265625
0 0.503125 0.2515625 0.025 0.03828125
4 0.50703125 0.41484375 0.02265625 0.034375
2 0.50625 0.84375 0.0171875 0.028125
7 0.82890625 0.49296875 0.02578125 0.0375
6 0.53203125 0.42734375 0.02421875 0.03046875
6 0.5046875 0.4515625 0.0265625 0.03359375
6 0.4484375 0.40546875 0.02421875 0.03046875
6 0.3890625 0.41171875 0.0265625 0.034375
6 0.36484375 0.321875 0.02578125 0.0359375
6 0.21953125 0.234375 0.02578125 0.0375
6 0.14375 0.40625 0.02109375 0.0359375