1 0.50703125 0.36328125 0.02265625 0.03359375
3 0.60546875 0.15625 0.0234375 0.03203125
2 0.50546875 0.1546875 0.02265625 0.03359375
8 0.40390625 0.15390625 0.02109375 0.0328125
6 0.38984375 0.59140625 0.02578125 0.0390625
7 0.509375 0.60390625 0.0265625 0.034375
6 0.415625 0.63203125 0.0265625 0.03828125
6 0.4765625 0.5765625 0.02421875 0.03671875
6 0.45 0.5953125 0.02421875 0.03671875
4 0.4703125 0.68515625 0.02734375 0.03828125
6 0.5046875 0.5484375 0.0234375 0.0375
6 0.53046875 0.57109375 0.025 0.0375
6 0.49375 0.63671875 0.0234375 0.0375
6 0.5171875 0.63671875 0.021875 0.0359375