8 0.403125 0.84375 0.02421875 0.03046875
1 0.50390625 0.63515625 0.02109375 0.03359375
0 0.421875 0.16484375 0.025 0.025
6 0.31328125 0.18671875 0.02734375 0.03984375
6 0.484375 0.1953125 0.0265625 0.03984375
6 0.58515625 0.21640625 0.025 0.03359375
6 0.52890625 0.2125 0.0265625 0.04140625
2 0.50546875 0.840625 0.01875 0.0296875
3 0.60546875 0.84296875 0.021875 0.0296875
7 0.7515625 0.84375 0.0203125 0.03125
6 0.36640625 0.3234375 0.02421875 0.0390625
6 0.14453125 0.4078125 0.021875 0.034375
6 0.38828125 0.41015625 0.02265625 0.03828125
6 0.45 0.4046875 0.025 0.0359375
6 0.5046875 0.4515625 0.02265625 0.03359375
6 0.53125 0.4296875 0.0265625 0.03671875