8 0.5953125 0.15390625 0.01875 0.03125
2 0.49453125 0.15703125 0.01953125 0.0296875
3 0.3953125 0.1578125 0.01875 0.0359375
1 0.49453125 0.36484375 0.02265625 0.0359375
7 0.20703125 0.19921875 0.02578125 0.04296875
6 0.85546875 0.59296875 0.02421875 0.040625
0 0.4953125 0.74921875 0.02578125 0.040625
4 0.49375 0.58359375 0.02265625 0.0359375
6 0.634375 0.678125 0.02734375 0.0390625
6 0.61015625 0.590625 0.025 0.04296875
6 0.55 0.59921875 0.025 0.04296875
6 0.4671875 0.5734375 0.0265625 0.040625
6 0.49453125 0.54921875 0.021875 0.03984375