8 0.4046875 0.15625 0.02109375 0.0328125
2 0.50625 0.1578125 0.02109375 0.03203125
3 0.60703125 0.1578125 0.021875 0.03359375
7 0.34921875 0.73984375 0.028125 0.04453125
6 0.471875 0.63671875 0.025 0.03671875
6 0.51875 0.6359375 0.0234375 0.0375
6 0.49453125 0.63515625 0.025 0.03203125
0 0.50546875 0.75 0.0265625 0.04296875
4 0.503125 0.653125 0.028125 0.03984375
1 0.50625 0.36484375 0.02421875 0.03828125
6 0.484375 0.61484375 0.0234375 0.01640625
6 0.50703125 0.61484375 0.02421875 0.01640625
6 0.49453125 0.6015625 0.0265625 0.015625
6 0.50234375 0.5875 0.0265625 0.015625
6 0.51875 0.60703125 0.021875 0.02890625