8 0.40390625 0.15546875 0.02109375 0.0296875
2 0.50546875 0.15546875 0.0203125 0.0296875
3 0.60546875 0.15546875 0.0203125 0.02890625
1 0.5046875 0.36640625 0.02109375 0.03984375
7 0.33359375 0.6125 0.025 0.0421875
4 0.50546875 0.57109375 0.02265625 0.02890625
6 0.37265625 0.81328125 0.0265625 0.0375
6 0.56484375 0.60625 0.02265625 0.0421875
6 0.45546875 0.64921875 0.021875 0.0375
6 0.51796875 0.6359375 0.02578125 0.0375
6 0.49453125 0.6359375 0.021875 0.03125
6 0.4703125 0.63828125 0.02578125 0.0359375
6 0.484375 0.6203125 0.0203125 0.02421875
6 0.50703125 0.621875 0.0265625 0.02109375
6 0.49375 0.60546875 0.025 0.02578125
6 0.51796875 0.6078125 0.025 0.0296875