8 0.646875 0.8765625 0.02109375 0.03203125
7 0.60390625 0.88671875 0.02109375 0.034375
2 0.49453125 0.84375 0.0203125 0.03203125
3 0.39296875 0.84453125 0.0203125 0.03046875
1 0.49375 0.6328125 0.0234375 0.0328125
6 0.84609375 0.2890625 0.02734375 0.04140625
6 0.61953125 0.43046875 0.0265625 0.0421875
6 0.565625 0.321875 0.02578125 0.03828125
6 0.53359375 0.32265625 0.02578125 0.04375
6 0.4984375 0.3375 0.02109375 0.03515625
6 0.47578125 0.33984375 0.02421875 0.03828125
6 0.51328125 0.35703125 0.02265625 0.03359375
6 0.51796875 0.3796875 0.021875 0.0265625
6 0.49609375 0.37890625 0.02265625 0.028125
6 0.50625 0.396875 0.02421875 0.015625
6 0.48359375 0.39140625 0.02421875 0.02890625
6 0.49921875 0.41171875 0.0234375 0.0171875
6 0.41640625 0.39453125 0.02265625 0.0375
6 0.35546875 0.46875 0.02265625 0.03828125
0 0.4953125 0.2484375 0.025 0.04609375
4 0.1578125 0.4296875 0.02421875 0.03984375
6 0.4796875 0.36484375 0.02265625 0.01796875