2 0.49375 0.84375 0.02265625 0.028125
3 0.39453125 0.84453125 0.02265625 0.034375
8 0.6734375 0.88203125 0.01953125 0.0296875
1 0.47734375 0.61171875 0.02109375 0.040625
6 0.5375 0.51015625 0.021875 0.0328125
6 0.18828125 0.39375 0.02265625 0.03984375
6 0.1390625 0.3734375 0.02265625 0.0375
6 0.309375 0.3484375 0.02578125 0.0359375
4 0.15859375 0.4296875 0.0265625 0.0375
6 0.42265625 0.4734375 0.02265625 0.040625
6 0.35546875 0.46640625 0.02265625 0.0390625
6 0.415625 0.38671875 0.025 0.040625
7 0.528125 0.3765625 0.028125 0.0421875