2 0.49453125 0.15703125 0.02109375 0.02578125
0 0.4953125 0.75 0.02421875 0.040625
1 0.49453125 0.3640625 0.02109375 0.02890625
3 0.39296875 0.1546875 0.01953125 0.03125
8 0.59609375 0.15625 0.0234375 0.03125
6 0.46796875 0.57109375 0.021875 0.03359375
6 0.49375 0.55078125 0.021875 0.03359375
6 0.4828125 0.63828125 0.0234375 0.03984375
6 0.5046875 0.6375 0.0234375 0.0390625
6 0.5515625 0.59453125 0.0234375 0.03671875
6 0.58359375 0.63125 0.02265625 0.03671875
6 0.61015625 0.58671875 0.02265625 0.0328125
7 0.25234375 0.55546875 0.025 0.03515625