8 0.40390625 0.8453125 0.02109375 0.03125
2 0.5140625 0.84921875 0.01796875 0.028125
3 0.65546875 0.89375 0.02421875 0.0296875
1 0.5046875 0.63671875 0.0234375 0.03984375
7 0.875 0.28125 0.02890625 0.0453125
4 0.51484375 0.42890625 0.02109375 0.034375
0 0.42265625 0.16328125 0.02578125 0.02890625
6 0.31328125 0.18515625 0.0265625 0.03984375
6 0.4859375 0.19453125 0.0234375 0.0390625
6 0.52890625 0.21328125 0.02421875 0.03984375
6 0.584375 0.215625 0.025 0.04140625
6 0.8140625 0.38046875 0.025 0.04296875
6 0.3859375 0.3921875 0.02421875 0.0375
6 0.4328125 0.32890625 0.02265625 0.03671875
6 0.48046875 0.34375 0.0203125 0.03125
6 0.4859375 0.42421875 0.0203125 0.03046875
6 0.5234375 0.41015625 0.0234375 0.034375
6 0.7046875 0.94296875 0.021875 0.0359375
6 0.57578125 0.37578125 0.0234375 0.03984375
6 0.64296875 0.43203125 0.0265625 0.04453125
6 0.49296875 0.365625 0.021875 0.03828125
6 0.47109375 0.3625 0.0203125 0.03125