8 0.4046875 0.15625 0.02109375 0.0328125
2 0.50625 0.1578125 0.02109375 0.03203125
3 0.60703125 0.1578125 0.021875 0.03359375
7 0.54609375 0.82109375 0.03046875 0.04140625
6 0.484375 0.61640625 0.0234375 0.0203125
6 0.51953125 0.60703125 0.02421875 0.02890625
6 0.5171875 0.63671875 0.021875 0.03671875
1 0.50546875 0.365625 0.02421875 0.03828125
6 0.37421875 0.8140625 0.0265625 0.04296875
6 0.47265625 0.6390625 0.0265625 0.03828125
4 0.50234375 0.65 0.02890625 0.03828125
6 0.49453125 0.63671875 0.02109375 0.0328125
6 0.50625 0.61484375 0.02109375 0.01328125
6 0.49609375 0.60078125 0.0265625 0.01640625
6 0.503125 0.5875 0.02578125 0.015625