3 0.39296875 0.15625 0.021875 0.03671875
2 0.49453125 0.15703125 0.02109375 0.02578125
0 0.4953125 0.75 0.02421875 0.040625
1 0.49453125 0.3640625 0.02109375 0.02890625
6 0.6171875 0.57109375 0.0203125 0.03828125
6 0.4765625 0.659375 0.02109375 0.03125
6 0.49765625 0.66015625 0.0234375 0.0328125
6 0.51328125 0.64296875 0.0203125 0.03515625
6 0.47890625 0.6375 0.0234375 0.02421875
6 0.5171875 0.62265625 0.02421875 0.0265625
6 0.4921875 0.625 0.02265625 0.034375
6 0.50546875 0.60390625 0.025 0.01875
6 0.484375 0.60859375 0.021875 0.02890625
6 0.49921875 0.5859375 0.02421875 0.01875
6 0.4171875 0.60703125 0.025 0.040625
6 0.35703125 0.53203125 0.02109375 0.0359375
6 0.5640625 0.67734375 0.02265625 0.040625
6 0.5359375 0.67890625 0.02265625 0.03984375
4 0.15859375 0.5703125 0.02734375 0.03828125
8 0.62578125 0.12890625 0.021875 0.03125
7 0.41640625 0.375 0.02265625 0.0359375
6 0.71875 0.753125 0.02421875 0.04140625