3 0.60546875 0.84453125 0.02265625 0.034375
8 0.4046875 0.84375 0.01953125 0.03203125
1 0.50546875 0.63515625 0.021875 0.0265625
7 0.4578125 0.94296875 0.02109375 0.02578125
2 0.50625 0.84453125 0.0171875 0.0265625
6 0.14375 0.41015625 0.0234375 0.034375
6 0.36640625 0.32265625 0.028125 0.03984375
6 0.3875 0.4109375 0.0265625 0.04375
6 0.45078125 0.4 0.0234375 0.03671875
6 0.61640625 0.4078125 0.02109375 0.04140625
6 0.53203125 0.4296875 0.0234375 0.03515625
6 0.50546875 0.4515625 0.02421875 0.03125
4 0.50546875 0.415625 0.0234375 0.0328125
0 0.50390625 0.25234375 0.02421875 0.03828125