3 0.39453125 0.84453125 0.02265625 0.034375
8 0.5953125 0.84375 0.01953125 0.03203125
1 0.49453125 0.63515625 0.021875 0.0265625
2 0.48515625 0.84921875 0.0171875 0.028125
6 0.5921875 0.3828125 0.025 0.03515625
4 0.49375 0.42109375 0.025 0.02421875
0 0.5390625 0.17734375 0.02734375 0.0375
7 0.34375 0.27265625 0.0265625 0.04609375
6 0.43359375 0.37265625 0.02109375 0.03203125
6 0.46484375 0.33203125 0.01953125 0.03671875
6 0.46015625 0.3640625 0.02265625 0.0328125
6 0.4734375 0.38125 0.02109375 0.03046875
6 0.4890625 0.3953125 0.02265625 0.028125
6 0.4953125 0.359375 0.01875 0.02734375
6 0.49609375 0.334375 0.02265625 0.0296875
6 0.53046875 0.33671875 0.025 0.034375
6 0.55078125 0.36484375 0.02265625 0.0390625
6 0.52890625 0.39765625 0.02109375 0.02734375
6 0.5296875 0.37890625 0.0234375 0.0296875
6 0.52734375 0.3578125 0.0203125 0.0296875