8 0.59609375 0.84453125 0.02109375 0.0296875
2 0.49453125 0.84453125 0.0203125 0.0296875
3 0.39453125 0.84453125 0.0203125 0.02890625
1 0.4953125 0.63359375 0.02109375 0.03984375
4 0.453125 0.5734375 0.0234375 0.034375
6 0.425 0.34609375 0.02578125 0.0375
6 0.40546875 0.39296875 0.028125 0.034375
6 0.52421875 0.33984375 0.0234375 0.0375
6 0.49296875 0.34453125 0.02578125 0.034375
6 0.496875 0.38125 0.0234375 0.0359375
6 0.5046875 0.3625 0.02109375 0.0265625
6 0.5171875 0.375 0.025 0.0328125
6 0.53125 0.3921875 0.0265625 0.0390625
6 0.82734375 0.35859375 0.0265625 0.040625
6 0.6953125 0.5796875 0.02265625 0.028125
6 0.50703125 0.4265625 0.02890625 0.034375
6 0.4984375 0.25859375 0.0265625 0.040625
0 0.66328125 0.209375 0.028125 0.0359375
6 0.6625 0.26953125 0.02578125 0.0375
6 0.7390625 0.47421875 0.028125 0.0484375
7 0.20625 0.71015625 0.02109375 0.0375