8 0.40390625 0.15546875 0.0203125 0.03125
7 0.58984375 0.740625 0.028125 0.03984375
2 0.50703125 0.1578125 0.0203125 0.03125
3 0.6046875 0.15859375 0.02421875 0.0328125
1 0.50546875 0.365625 0.02265625 0.0359375
6 0.49375 0.63828125 0.0203125 0.0328125
6 0.5171875 0.6390625 0.02421875 0.03828125
6 0.5671875 0.60625 0.0265625 0.034375
6 0.50703125 0.61796875 0.0203125 0.0203125
6 0.5203125 0.6078125 0.02109375 0.0296875
6 0.4546875 0.6484375 0.02109375 0.03125
6 0.47109375 0.640625 0.0203125 0.02890625
6 0.50625 0.5921875 0.01875 0.02578125
4 0.50390625 0.5671875 0.021875 0.0171875
6 0.54921875 0.6796875 0.02265625 0.0328125
6 0.484375 0.61796875 0.021875 0.015625
6 0.49453125 0.60234375 0.0203125 0.015625
6 0.37421875 0.815625 0.025 0.0421875
0 0.5046875 0.74765625 0.02421875 0.040625