3 0.60546875 0.15546875 0.02265625 0.034375
8 0.4046875 0.15625 0.01953125 0.03203125
1 0.50546875 0.36484375 0.021875 0.0265625
0 0.503125 0.7484375 0.025 0.03828125
4 0.50703125 0.58515625 0.02265625 0.034375
2 0.50625 0.15625 0.0171875 0.028125
7 0.82890625 0.50703125 0.02578125 0.0375
6 0.53203125 0.57265625 0.02421875 0.03046875
6 0.5046875 0.5484375 0.0265625 0.03359375
6 0.4484375 0.59453125 0.02421875 0.03046875
6 0.3890625 0.58828125 0.0265625 0.034375
6 0.36484375 0.678125 0.02578125 0.0359375
6 0.21953125 0.765625 0.02578125 0.0375
6 0.14375 0.59375 0.02109375 0.0359375