6 0.48125 0.63671875 0.0234375 0.034375
6 0.49375 0.6140625 0.02109375 0.0171875
6 0.47265625 0.6078125 0.0203125 0.0328125
1 0.49453125 0.36640625 0.02265625 0.03515625
3 0.3953125 0.1546875 0.021875 0.02890625
8 0.596875 0.1546875 0.01953125 0.03203125
6 0.49296875 0.590625 0.01796875 0.0234375
2 0.46171875 0.09765625 0.02109375 0.028125
4 0.4953125 0.5671875 0.0234375 0.0203125
6 0.50390625 0.63671875 0.02109375 0.034375
6 0.1453125 0.66015625 0.02421875 0.04140625
6 0.43359375 0.25546875 0.025 0.03515625
6 0.446875 0.653125 0.0265625 0.03828125
7 0.23984375 0.65234375 0.02734375 0.0375