8 0.2375 0.33671875 0.0203125 0.03125
2 0.50546875 0.15703125 0.01953125 0.0296875
3 0.6046875 0.1578125 0.01875 0.0359375
1 0.50546875 0.36484375 0.02265625 0.0359375
7 0.22734375 0.15546875 0.021875 0.03515625
6 0.14453125 0.59296875 0.02421875 0.040625
0 0.5046875 0.74921875 0.02578125 0.040625
4 0.50625 0.58359375 0.02265625 0.0359375
6 0.365625 0.678125 0.02734375 0.0390625
6 0.38984375 0.590625 0.025 0.04296875
6 0.45 0.59921875 0.025 0.04296875
6 0.5328125 0.5734375 0.0265625 0.040625
6 0.50546875 0.54921875 0.021875 0.03984375