6 0.571875 0.44921875 0.02421875 0.03046875
1 0.29296875 0.05859375 0.015625 0.0328125
3 0.39296875 0.15625 0.021875 0.03671875
2 0.49453125 0.15703125 0.02109375 0.02578125
8 0.59609375 0.15546875 0.021875 0.03203125
7 0.44609375 0.65859375 0.02421875 0.040625
6 0.84921875 0.5359375 0.028125 0.0390625
6 0.6328125 0.72890625 0.021875 0.03984375
6 0.5375 0.62890625 0.021875 0.03203125
6 0.53125 0.609375 0.021875 0.0375
6 0.50625 0.6171875 0.02421875 0.0375
4 0.49296875 0.5796875 0.025 0.0375
6 0.76328125 0.6453125 0.021875 0.0375
6 0.84609375 0.68828125 0.02578125 0.0328125