2 0.49453125 0.153125 0.01875 0.03203125
1 0.49375 0.3671875 0.021875 0.0328125
6 0.52734375 0.63515625 0.01953125 0.0359375
6 0.51953125 0.6546875 0.021875 0.04375
3 0.2890625 0.03359375 0.0203125 0.02578125
8 0.603125 0.146875 0.02265625 0.0296875
6 0.50703125 0.62734375 0.02265625 0.0359375
0 0.3609375 0.81640625 0.0234375 0.0453125
6 0.15546875 0.83671875 0.028125 0.02890625
6 0.2296875 0.5546875 0.02578125 0.0375
4 0.4953125 0.58515625 0.0265625 0.0421875
7 0.5890625 0.496875 0.021875 0.03671875