8 0.59609375 0.15546875 0.0203125 0.03125
7 0.39296875 0.6015625 0.028125 0.03984375
2 0.46015625 0.10078125 0.0203125 0.03125
3 0.3953125 0.15859375 0.02421875 0.0328125
1 0.49453125 0.365625 0.02265625 0.0359375
0 0.1125 0.8125 0.0265625 0.03984375
6 0.446875 0.653125 0.02265625 0.03359375
6 0.50546875 0.63671875 0.0203125 0.0328125
6 0.4828125 0.63828125 0.025 0.0375
6 0.43203125 0.25703125 0.0265625 0.034375
6 0.49375 0.61484375 0.02109375 0.02265625
6 0.47578125 0.6078125 0.02109375 0.0296875
6 0.525 0.6046875 0.0203125 0.0296875
6 0.5171875 0.625 0.02265625 0.02734375
6 0.49375 0.5921875 0.01875 0.02578125
4 0.4921875 0.57265625 0.021875 0.0171875
6 0.14453125 0.6609375 0.02265625 0.0328125
6 0.5125 0.59375 0.02265625 0.03125