2 0.50546875 0.153125 0.01875 0.03203125
6 0.47109375 0.640625 0.021875 0.0390625
6 0.48125 0.65703125 0.0234375 0.03046875
6 0.66171875 0.8078125 0.02734375 0.0421875
8 0.3953125 0.14765625 0.01953125 0.025
6 0.7671875 0.55703125 0.02265625 0.03828125
3 0.7109375 0.0328125 0.01640625 0.02890625
1 0.503125 0.36484375 0.02265625 0.028125
4 0.50625 0.584375 0.0203125 0.0359375
7 0.35 0.3578125 0.02421875 0.03671875
0 0.63828125 0.815625 0.025 0.034375
6 0.778125 0.82421875 0.02734375 0.03984375
6 0.84453125 0.83828125 0.025 0.02578125