8 0.40390625 0.8453125 0.01796875 0.034375
2 0.50625 0.84296875 0.0203125 0.0296875
3 0.60625 0.84453125 0.01875 0.0296875
7 0.58828125 0.70078125 0.025 0.03671875
1 0.50625 0.63359375 0.0234375 0.03515625
0 0.5046875 0.24921875 0.025 0.0375
6 0.38125 0.4296875 0.0234375 0.0375
6 0.4828125 0.33515625 0.021875 0.03671875
6 0.5046875 0.3484375 0.02421875 0.03515625
6 0.52890625 0.346875 0.02265625 0.03671875
6 0.40234375 0.3890625 0.02421875 0.04140625
6 0.47265625 0.36171875 0.02421875 0.03125
6 0.4953125 0.3640625 0.01875 0.02578125
6 0.51640625 0.37109375 0.02109375 0.015625
6 0.540625 0.3625 0.021875 0.03203125
6 0.484375 0.38515625 0.02734375 0.0171875
6 0.50703125 0.38359375 0.0203125 0.0140625
6 0.52890625 0.384375 0.02578125 0.01328125
6 0.49375 0.3984375 0.02578125 0.01328125
6 0.5171875 0.396875 0.02421875 0.01484375
6 0.50625 0.40859375 0.02421875 0.0125
4 0.50703125 0.425 0.02265625 0.02109375