2 0.50625 0.153125 0.01953125 0.03125
3 0.60390625 0.15546875 0.0203125 0.03203125
6 0.3734375 0.81796875 0.025 0.0421875
4 0.50390625 0.56640625 0.025 0.02265625
8 0.4046875 0.15625 0.01953125 0.03046875
7 0.640625 0.7453125 0.025 0.0390625
0 0.5046875 0.7515625 0.0265625 0.040625
1 0.50390625 0.365625 0.0234375 0.0359375
6 0.45390625 0.64765625 0.025 0.0375
6 0.47265625 0.6359375 0.021875 0.03125
6 0.49453125 0.63671875 0.01953125 0.03359375
6 0.5171875 0.6390625 0.02578125 0.0375
6 0.56640625 0.60625 0.02421875 0.040625
6 0.48359375 0.615625 0.02578125 0.015625
6 0.50703125 0.6140625 0.025 0.01484375
6 0.49375 0.6015625 0.0265625 0.015625
6 0.51875 0.6078125 0.021875 0.02578125
6 0.503125 0.5875 0.0265625 0.01796875