8 0.3953125 0.1453125 0.02265625 0.03125
3 0.71328125 0.0359375 0.02421875 0.0296875
7 0.64765625 0.04375 0.02265625 0.03671875
4 0.51640625 0.575 0.02421875 0.0421875
6 0.66015625 0.80625 0.02578125 0.04140625
6 0.76015625 0.696875 0.02578125 0.03984375
6 0.584375 0.784375 0.025 0.04140625
2 0.5046875 0.15546875 0.021875 0.0359375
6 0.6078125 0.80078125 0.0265625 0.0484375
6 0.48046875 0.65625 0.0203125 0.03125
6 0.703125 0.7046875 0.02421875 0.0375
6 0.45859375 0.70078125 0.025 0.03984375
6 0.76796875 0.55546875 0.0234375 0.03984375
6 0.6359375 0.5640625 0.0265625 0.04453125
6 0.49296875 0.634375 0.021875 0.03828125
6 0.47109375 0.6375 0.0203125 0.03125
1 0.4734375 0.50078125 0.02421875 0.03828125
6 0.78515625 0.83671875 0.025 0.03125
0 0.621875 0.8359375 0.02734375 0.03515625
6 0.48515625 0.7328125 0.0265625 0.04375