2 0.4921875 0.84375 0.01953125 0.03125
3 0.39609375 0.84453125 0.0203125 0.03203125
6 0.625 0.1828125 0.025 0.0421875
4 0.49609375 0.43203125 0.025 0.02265625
6 0.52734375 0.3640625 0.02265625 0.0328125
8 0.5953125 0.84375 0.01953125 0.03046875
6 0.43515625 0.39609375 0.021875 0.034375
7 0.35859375 0.2546875 0.025 0.0390625
0 0.4953125 0.2484375 0.0265625 0.040625
1 0.49765625 0.6359375 0.0234375 0.0359375
6 0.546875 0.3515625 0.021875 0.034375
6 0.50546875 0.3625 0.02265625 0.0328125
6 0.48203125 0.36171875 0.02421875 0.0359375
6 0.515625 0.38359375 0.02421875 0.01796875
6 0.4921875 0.38359375 0.025 0.0171875
6 0.5046875 0.39765625 0.025 0.01796875
6 0.48125 0.39453125 0.021875 0.028125
6 0.496875 0.4125 0.0265625 0.01640625