1 0.50625 0.63515625 0.02109375 0.03046875
3 0.60546875 0.84375 0.0234375 0.03203125
2 0.50546875 0.8453125 0.02265625 0.03359375
8 0.40390625 0.84609375 0.02109375 0.0328125
6 0.40234375 0.4046875 0.025 0.0359375
7 0.51171875 0.39609375 0.025 0.0375
6 0.41640625 0.36328125 0.028125 0.0390625
6 0.49375 0.3640625 0.025 0.03828125
6 0.46015625 0.396875 0.02421875 0.0359375
4 0.47109375 0.31640625 0.0265625 0.0375
6 0.47734375 0.421875 0.025 0.03515625
6 0.51796875 0.36171875 0.021875 0.0359375
6 0.5078125 0.44765625 0.02421875 0.0328125
6 0.53046875 0.425 0.02578125 0.0375