8 0.6046875 0.8546875 0.02265625 0.03125
3 0.32421875 0.95234375 0.02421875 0.0296875
7 0.228125 0.94921875 0.02265625 0.03671875
4 0.48359375 0.425 0.02421875 0.0421875
6 0.33984375 0.19375 0.02578125 0.04140625
6 0.33671875 0.34765625 0.02421875 0.03984375
6 0.415625 0.215625 0.025 0.04140625
2 0.4953125 0.84453125 0.021875 0.0359375
6 0.3671875 0.36640625 0.0234375 0.0484375
6 0.51953125 0.34375 0.0203125 0.03125
6 0.81328125 0.45390625 0.02734375 0.0421875
6 0.56484375 0.60859375 0.0234375 0.0359375
6 0.42421875 0.37578125 0.0234375 0.03984375
6 0.35703125 0.43203125 0.0265625 0.04453125
6 0.50703125 0.365625 0.021875 0.03828125
6 0.52890625 0.3625 0.0203125 0.03125
1 0.28984375 0.5515625 0.02421875 0.03828125
6 0.21484375 0.16328125 0.025 0.03125
0 0.5765625 0.165625 0.02734375 0.03515625
6 0.6859375 0.1859375 0.0234375 0.03984375