8 0.4046875 0.15625 0.02109375 0.0328125
2 0.50625 0.1578125 0.02109375 0.03203125
3 0.60703125 0.1578125 0.021875 0.03359375
7 0.68046875 0.67109375 0.025 0.04453125
6 0.47109375 0.63828125 0.02421875 0.0359375
0 0.50390625 0.7515625 0.0265625 0.0453125
6 0.37421875 0.815625 0.0234375 0.03828125
4 0.503125 0.6515625 0.0265625 0.0359375
1 0.50625 0.36328125 0.02421875 0.03828125
6 0.49453125 0.6375 0.02109375 0.0328125
6 0.5171875 0.63828125 0.02265625 0.03515625
6 0.4828125 0.61484375 0.0234375 0.015625
6 0.50703125 0.6140625 0.02734375 0.015625
6 0.4953125 0.60234375 0.028125 0.01328125
6 0.51875 0.60625 0.02109375 0.02421875
6 0.50390625 0.58828125 0.02421875 0.01328125