8 0.40390625 0.1546875 0.01796875 0.034375
2 0.50625 0.15703125 0.0203125 0.0296875
3 0.60625 0.15546875 0.01875 0.0296875
7 0.78671875 0.77265625 0.025 0.03671875
1 0.50625 0.36640625 0.0234375 0.03515625
0 0.5046875 0.75078125 0.025 0.0375
6 0.38125 0.5703125 0.0234375 0.0375
6 0.4828125 0.66484375 0.021875 0.03671875
6 0.5046875 0.6515625 0.02421875 0.03515625
6 0.52890625 0.653125 0.02265625 0.03671875
6 0.28203125 0.83359375 0.02421875 0.04140625
6 0.47265625 0.63828125 0.02421875 0.03125
6 0.4953125 0.6359375 0.01875 0.02578125
6 0.51640625 0.62890625 0.02109375 0.015625
6 0.540625 0.6375 0.021875 0.03203125
6 0.484375 0.61484375 0.02734375 0.0171875
6 0.50703125 0.61640625 0.0203125 0.0140625
6 0.52890625 0.615625 0.02578125 0.01328125
6 0.49375 0.6015625 0.02578125 0.01328125
6 0.5171875 0.603125 0.02421875 0.01484375
6 0.50625 0.59140625 0.02421875 0.0125
4 0.50703125 0.575 0.02265625 0.02109375