3 0.39453125 0.15546875 0.02265625 0.034375
8 0.5953125 0.15625 0.01953125 0.03203125
1 0.49453125 0.36484375 0.021875 0.0265625
7 0.5421875 0.05703125 0.02109375 0.02578125
2 0.49375 0.15546875 0.0171875 0.0265625
6 0.85625 0.58984375 0.0234375 0.034375
6 0.63359375 0.67734375 0.028125 0.03984375
6 0.6125 0.5890625 0.0265625 0.04375
6 0.54921875 0.6 0.0234375 0.03671875
6 0.38359375 0.5921875 0.02109375 0.04140625
6 0.46796875 0.5703125 0.0234375 0.03515625
6 0.49453125 0.5484375 0.02421875 0.03125
4 0.49453125 0.584375 0.0234375 0.0328125
0 0.49609375 0.74765625 0.02421875 0.03828125