3 0.60625 0.84296875 0.02265625 0.0328125
2 0.50703125 0.84375 0.0203125 0.03046875
8 0.40390625 0.84453125 0.0234375 0.03203125
1 0.71796875 0.9515625 0.01875 0.034375
0 0.50390625 0.25390625 0.02578125 0.03984375
6 0.51875 0.225 0.02421875 0.0359375
6 0.5078125 0.3578125 0.0234375 0.0375
6 0.49921875 0.38671875 0.02421875 0.0375
6 0.46796875 0.38984375 0.02265625 0.0375
6 0.4625 0.365625 0.028125 0.04453125
6 0.409375 0.3484375 0.0234375 0.03828125
6 0.3765625 0.31171875 0.02578125 0.040625
6 0.175 0.35625 0.0203125 0.0359375
6 0.15234375 0.46328125 0.02578125 0.0375
7 0.17421875 0.40625 0.02890625 0.0375
4 0.50546875 0.4171875 0.025 0.0390625