2 0.50546875 0.846875 0.01875 0.03203125
6 0.49296875 0.36640625 0.02109375 0.0375
6 0.47109375 0.359375 0.021875 0.0390625
6 0.48125 0.34296875 0.0234375 0.03046875
6 0.66171875 0.1921875 0.02734375 0.0421875
8 0.3953125 0.85234375 0.01953125 0.025
6 0.7671875 0.44296875 0.02265625 0.03828125
3 0.7109375 0.9671875 0.01640625 0.02890625
4 0.50703125 0.415625 0.0234375 0.040625
1 0.50390625 0.6359375 0.025 0.03125
0 0.6390625 0.18046875 0.02421875 0.04140625
6 0.77734375 0.17578125 0.03203125 0.04140625
6 0.8421875 0.1609375 0.03125 0.0296875
7 0.43671875 0.4078125 0.02421875 0.03828125