8 0.67265625 0.11796875 0.02109375 0.03203125
2 0.49453125 0.15625 0.0203125 0.03203125
1 0.47734375 0.38671875 0.0234375 0.0328125
6 0.61796875 0.57109375 0.0265625 0.0421875
6 0.41640625 0.6140625 0.02578125 0.0375
6 0.49453125 0.68359375 0.02109375 0.03515625
6 0.46796875 0.66328125 0.02421875 0.03828125
6 0.35703125 0.5328125 0.0203125 0.0359375
6 0.51171875 0.62578125 0.021875 0.025
6 0.50625 0.60234375 0.02578125 0.02578125
6 0.184375 0.60703125 0.0265625 0.0375
6 0.53671875 0.4921875 0.02421875 0.034375
4 0.1578125 0.5703125 0.02421875 0.03984375
6 0.48984375 0.6484375 0.025 0.0265625
6 0.13984375 0.62578125 0.0234375 0.034375
0 0.49609375 0.75078125 0.02578125 0.03984375
7 0.7046875 0.5234375 0.025 0.03828125