8 0.59609375 0.84453125 0.0203125 0.03125
7 0.41015625 0.259375 0.028125 0.03984375
2 0.49296875 0.8421875 0.0203125 0.03125
3 0.3953125 0.84140625 0.02421875 0.0328125
1 0.49453125 0.634375 0.02265625 0.0359375
6 0.50625 0.36171875 0.0203125 0.0328125
6 0.4828125 0.3609375 0.02421875 0.03828125
6 0.4328125 0.39375 0.0265625 0.034375
6 0.49296875 0.38203125 0.0203125 0.0203125
6 0.4796875 0.3921875 0.02109375 0.0296875
6 0.5453125 0.3515625 0.02109375 0.03125
6 0.52890625 0.359375 0.0203125 0.02890625
6 0.49375 0.4078125 0.01875 0.02578125
4 0.49609375 0.4328125 0.021875 0.0171875
6 0.45078125 0.3203125 0.02265625 0.0328125
6 0.515625 0.38203125 0.021875 0.015625
6 0.50546875 0.39765625 0.0203125 0.015625
6 0.62578125 0.184375 0.025 0.0421875
0 0.4953125 0.25234375 0.02421875 0.040625