3 0.60703125 0.15625 0.021875 0.03671875
2 0.50546875 0.15703125 0.02109375 0.02578125
8 0.40390625 0.15546875 0.021875 0.03203125
0 0.5046875 0.75 0.02421875 0.040625
1 0.50546875 0.3640625 0.02109375 0.02890625
4 0.50703125 0.58046875 0.02421875 0.02578125
6 0.3828125 0.57109375 0.0203125 0.03828125
6 0.51875 0.6328125 0.02109375 0.01953125
6 0.49453125 0.60390625 0.01953125 0.02421875
6 0.51640625 0.603125 0.0203125 0.025
7 0.29453125 0.8109375 0.025 0.04765625
6 0.54375 0.5609375 0.02265625 0.0375
6 0.5546875 0.6140625 0.02265625 0.0390625
6 0.5828125 0.6671875 0.025 0.0375
6 0.48359375 0.62265625 0.0203125 0.03125
6 0.490625 0.64375 0.0234375 0.0328125
6 0.50078125 0.66328125 0.0234375 0.0390625
6 0.52421875 0.65859375 0.0265625 0.03125
6 0.471875 0.6703125 0.0265625 0.0375
6 0.45546875 0.65390625 0.02265625 0.034375
4 0.5859375 0.58203125 0.025 0.034375