8 0.6046875 0.8546875 0.02265625 0.03125
3 0.28671875 0.9640625 0.02421875 0.0296875
7 0.6375 0.21875 0.028125 0.04375
4 0.48359375 0.425 0.02421875 0.0421875
6 0.33984375 0.19375 0.02578125 0.04140625
6 0.23984375 0.303125 0.02578125 0.03984375
6 0.1953125 0.23046875 0.0265625 0.04765625
2 0.4953125 0.84453125 0.021875 0.0359375
6 0.49140625 0.16953125 0.02578125 0.04296875
6 0.51953125 0.34375 0.0203125 0.03125
6 0.296875 0.2953125 0.02421875 0.0375
6 0.54140625 0.29921875 0.025 0.03984375
6 0.23203125 0.44453125 0.0234375 0.03984375
6 0.3640625 0.4359375 0.0265625 0.04453125
6 0.50703125 0.365625 0.021875 0.03828125
6 0.52890625 0.3625 0.0203125 0.03125
1 0.5265625 0.49921875 0.02421875 0.03828125
6 0.21484375 0.16328125 0.025 0.03125
0 0.378125 0.1640625 0.02734375 0.03515625
6 0.51484375 0.2671875 0.0265625 0.04375