8 0.5953125 0.84453125 0.0203125 0.0265625
2 0.49375 0.84375 0.02265625 0.028125
3 0.39609375 0.84375 0.0234375 0.028125
1 0.49296875 0.6359375 0.021875 0.03828125
7 0.2640625 0.5984375 0.028125 0.0328125
4 0.49609375 0.41484375 0.02578125 0.03671875
0 0.496875 0.25234375 0.025 0.03203125
6 0.48046875 0.30859375 0.02421875 0.0390625
6 0.46796875 0.42890625 0.02578125 0.0390625
6 0.4953125 0.453125 0.025 0.034375
6 0.55078125 0.40625 0.02421875 0.0328125
6 0.6109375 0.41171875 0.02578125 0.0390625
6 0.6328125 0.321875 0.0234375 0.03828125
6 0.840625 0.40546875 0.02421875 0.034375