2 0.49375 0.15625 0.02265625 0.028125
3 0.39453125 0.15546875 0.02265625 0.034375
8 0.6734375 0.11796875 0.01953125 0.0296875
1 0.47734375 0.38828125 0.02109375 0.040625
6 0.53828125 0.48984375 0.02109375 0.03671875
6 0.425 0.528125 0.021875 0.0375
6 0.35546875 0.53125 0.021875 0.0390625
6 0.1875 0.60390625 0.0265625 0.03203125
6 0.140625 0.6234375 0.0234375 0.03515625
6 0.309375 0.6515625 0.02578125 0.03671875
6 0.41796875 0.615625 0.02421875 0.0390625
6 0.50625 0.6046875 0.025 0.03515625
6 0.5125 0.63203125 0.025 0.0390625
4 0.1578125 0.56953125 0.02734375 0.03125
7 0.60078125 0.53125 0.02578125 0.0421875