8 0.40390625 0.15546875 0.02109375 0.0296875
2 0.50546875 0.15546875 0.0203125 0.0296875
3 0.60546875 0.15546875 0.0203125 0.02890625
1 0.5046875 0.36640625 0.02109375 0.03984375
7 0.5515625 0.6875 0.0203125 0.0375
6 0.47578125 0.6625 0.02265625 0.0375
6 0.49609375 0.6375 0.021875 0.03125
6 0.50703125 0.65234375 0.021875 0.0359375
6 0.4796875 0.621875 0.021875 0.0375
6 0.50234375 0.61640625 0.025 0.0359375
6 0.49296875 0.575 0.0234375 0.0359375
6 0.4953125 0.54609375 0.0234375 0.028125
6 0.64375 0.65625 0.03046875 0.0421875
4 0.54609375 0.43125 0.028125 0.0421875
6 0.59375 0.60703125 0.02578125 0.0453125
6 0.575 0.65625 0.02578125 0.0453125
6 0.25 0.44140625 0.0234375 0.0390625
6 0.15625 0.64453125 0.0265625 0.04921875