8 0.59609375 0.15546875 0.02109375 0.0296875
2 0.49453125 0.15546875 0.0203125 0.0296875
3 0.39453125 0.15546875 0.0203125 0.02890625
6 0.590625 0.65 0.02265625 0.03828125
6 0.53515625 0.63203125 0.02421875 0.03359375
6 0.53203125 0.60703125 0.02421875 0.03203125
6 0.5015625 0.6125 0.021875 0.03359375
6 0.84765625 0.53984375 0.0234375 0.03984375
6 0.8234375 0.6421875 0.02421875 0.0390625
1 0.28125 0.0484375 0.01875 0.03359375
6 0.49453125 0.63671875 0.02109375 0.03203125
6 0.62578125 0.690625 0.0234375 0.040625
6 0.69765625 0.715625 0.028125 0.0453125
6 0.4796875 0.77578125 0.02421875 0.03515625
0 0.49296875 0.7484375 0.028125 0.040625
6 0.69609375 0.4234375 0.028125 0.04296875
7 0.64921875 0.7359375 0.028125 0.040625
4 0.45234375 0.4234375 0.0265625 0.0375