2 0.49453125 0.846875 0.01875 0.03203125
6 0.50703125 0.36640625 0.02109375 0.0375
6 0.52890625 0.359375 0.021875 0.0390625
6 0.51875 0.34296875 0.0234375 0.03046875
6 0.33828125 0.1921875 0.02734375 0.0421875
8 0.6046875 0.85234375 0.01953125 0.025
6 0.2328125 0.44296875 0.02265625 0.03828125
3 0.2890625 0.9671875 0.01640625 0.02890625
1 0.496875 0.63515625 0.02265625 0.028125
4 0.49375 0.415625 0.0203125 0.0359375
7 0.2984375 0.52578125 0.025 0.0390625
6 0.4515625 0.21875 0.0234375 0.04375
0 0.3765625 0.16875 0.02890625 0.02890625
6 0.5125 0.2703125 0.028125 0.0390625
6 0.21640625 0.16640625 0.028125 0.02421875