7 0.64765625 0.2484375 0.0265625 0.03984375
0 0.49453125 0.25078125 0.025 0.03828125
6 0.14375 0.34296875 0.02421875 0.040625
8 0.59609375 0.84609375 0.02109375 0.03203125
2 0.4609375 0.90390625 0.01953125 0.03125
3 0.39609375 0.84453125 0.0203125 0.03203125
6 0.43359375 0.74609375 0.02265625 0.03359375
1 0.49609375 0.6359375 0.02265625 0.03515625
6 0.50546875 0.35390625 0.0265625 0.0375
6 0.4796875 0.3609375 0.0234375 0.03515625
6 0.5265625 0.40078125 0.0265625 0.0328125
6 0.47734375 0.39296875 0.02578125 0.0328125
6 0.49453125 0.41015625 0.025 0.03203125
6 0.51953125 0.37890625 0.0234375 0.03359375
4 0.4921875 0.4328125 0.025 0.02265625
6 0.49609375 0.3796875 0.02265625 0.025