7 0.390625 0.26875 0.03203125 0.04453125
8 0.40390625 0.84609375 0.01953125 0.034375
2 0.50625 0.8453125 0.01953125 0.03046875
3 0.60546875 0.84375 0.0234375 0.0328125
1 0.50625 0.63359375 0.0203125 0.03046875
0 0.5046875 0.25078125 0.02578125 0.03671875
6 0.14609375 0.40703125 0.02265625 0.0328125
6 0.365625 0.32265625 0.0234375 0.034375
6 0.38984375 0.41015625 0.0234375 0.03828125
6 0.45 0.403125 0.02421875 0.0359375
6 0.5046875 0.45078125 0.0203125 0.0328125
6 0.53125 0.428125 0.02421875 0.03828125
4 0.50625 0.41328125 0.0234375 0.03515625