8 0.40390625 0.84453125 0.0203125 0.03125
7 0.25859375 0.2625 0.02421875 0.0359375
2 0.53828125 0.9 0.0203125 0.03125
3 0.6046875 0.84140625 0.02421875 0.0328125
6 0.5671875 0.74609375 0.02421875 0.03671875
1 0.50546875 0.634375 0.02265625 0.0359375
6 0.85625 0.340625 0.02421875 0.0359375
6 0.7578125 0.20703125 0.0265625 0.03984375
0 0.70078125 0.1734375 0.0265625 0.03984375
6 0.55390625 0.34765625 0.02265625 0.03359375
6 0.4953125 0.3546875 0.0203125 0.0328125
6 0.51796875 0.36015625 0.02265625 0.034375
6 0.48046875 0.37734375 0.0203125 0.03203125
6 0.50703125 0.384375 0.02109375 0.02265625
6 0.52421875 0.3921875 0.02109375 0.0296875
6 0.4765625 0.40078125 0.025 0.0265625
6 0.4859375 0.409375 0.02265625 0.02734375
6 0.50390625 0.4078125 0.01875 0.02578125
4 0.5078125 0.42734375 0.021875 0.0171875