3 0.60546875 0.84453125 0.02265625 0.034375
8 0.4046875 0.84375 0.01953125 0.03203125
1 0.50546875 0.63515625 0.021875 0.0265625
2 0.51484375 0.84921875 0.0171875 0.028125
6 0.40390625 0.44609375 0.02421875 0.0359375
6 0.31328125 0.18359375 0.02578125 0.0359375
6 0.58515625 0.21484375 0.02421875 0.0375
6 0.484375 0.425 0.02734375 0.03203125
6 0.45078125 0.3421875 0.02265625 0.0375
6 0.47265625 0.3625 0.0203125 0.0296875
6 0.48046875 0.34765625 0.0203125 0.03125
4 0.51328125 0.43125 0.02265625 0.03203125
6 0.496875 0.1625 0.02890625 0.02109375
0 0.428125 0.16328125 0.0265625 0.025
6 0.30703125 0.259375 0.028125 0.0328125
6 0.59140625 0.26171875 0.02734375 0.0390625
6 0.57734375 0.37734375 0.02421875 0.0359375
6 0.52265625 0.4125 0.021875 0.02890625
6 0.5296875 0.2140625 0.025 0.0421875
6 0.5359375 0.39375 0.02421875 0.034375
6 0.496875 0.37109375 0.0265625 0.0328125
7 0.69375 0.67421875 0.02421875 0.03046875