8 0.5953125 0.84375 0.02109375 0.0328125
2 0.49375 0.8421875 0.02109375 0.03203125
3 0.39296875 0.8421875 0.021875 0.03359375
7 0.31015625 0.30625 0.028125 0.046875
6 0.5890625 0.3484375 0.025 0.03671875
6 0.49296875 0.3609375 0.02265625 0.0359375
6 0.5375 0.36796875 0.025 0.03671875
6 0.53203125 0.39140625 0.02578125 0.0328125
6 0.5015625 0.3875 0.02421875 0.03046875
1 0.2875 0.94609375 0.02421875 0.03828125
6 0.8265625 0.35625 0.0296875 0.046875
0 0.50703125 0.2625 0.0265625 0.0453125
6 0.6234375 0.30859375 0.0265625 0.04296875
6 0.84921875 0.4640625 0.0234375 0.03828125
6 0.4828125 0.24375 0.02734375 0.03828125
4 0.4953125 0.4171875 0.02890625 0.03828125