8 0.5953125 0.84609375 0.02109375 0.03046875
2 0.48515625 0.84609375 0.01796875 0.0296875
3 0.39140625 0.84375 0.025 0.03046875
1 0.4953125 0.6328125 0.0203125 0.03359375
6 0.6609375 0.26171875 0.02421875 0.0359375
0 0.5734375 0.16328125 0.025 0.03046875
4 0.4875 0.43828125 0.02421875 0.0234375
7 0.41328125 0.51328125 0.0265625 0.03984375
6 0.6859375 0.184375 0.0265625 0.04375
6 0.6421875 0.4359375 0.02421875 0.03828125
6 0.59609375 0.4421875 0.025 0.03515625
6 0.43046875 0.2703125 0.02421875 0.040625
6 0.41484375 0.2171875 0.02578125 0.04140625
6 0.5203125 0.3453125 0.025 0.03671875
6 0.50390625 0.1609375 0.0265625 0.0296875
6 0.54921875 0.34140625 0.0265625 0.03984375
6 0.52734375 0.36796875 0.025 0.021875
6 0.49765625 0.3734375 0.02265625 0.03359375
6 0.47109375 0.37421875 0.02265625 0.03046875
6 0.51484375 0.42734375 0.021875 0.03359375
6 0.48515625 0.3984375 0.021875 0.01953125
6 0.478125 0.4125 0.02421875 0.02421875