8 0.403125 0.84375 0.02421875 0.03046875
1 0.50390625 0.63515625 0.02109375 0.03359375
2 0.50546875 0.84375 0.021875 0.03359375
7 0.46015625 0.8765625 0.0234375 0.0328125
3 0.60546875 0.84453125 0.02109375 0.02890625
4 0.50390625 0.41484375 0.02421875 0.03515625
0 0.50390625 0.2484375 0.0234375 0.03984375
6 0.365625 0.3203125 0.028125 0.0390625
6 0.14296875 0.40625 0.02734375 0.0375
6 0.3890625 0.409375 0.02578125 0.03125
6 0.4484375 0.40390625 0.0265625 0.0390625
6 0.50625 0.4515625 0.02734375 0.04140625
6 0.53125 0.428125 0.01953125 0.0375