2 0.50546875 0.153125 0.01875 0.03203125
7 0.24375 0.16015625 0.0203125 0.0296875
3 0.6046875 0.15703125 0.02109375 0.0265625
1 0.50703125 0.3625 0.0203125 0.028125
8 0.20234375 0.37734375 0.0203125 0.0359375
6 0.14375 0.5953125 0.02265625 0.040625
6 0.38984375 0.58828125 0.028125 0.0390625
6 0.365625 0.6796875 0.028125 0.0359375
6 0.4484375 0.5953125 0.025 0.0375
6 0.50625 0.55 0.02578125 0.034375
6 0.53046875 0.57265625 0.0234375 0.0359375
4 0.50546875 0.58671875 0.02265625 0.0390625
0 0.503125 0.746875 0.025 0.0359375