8 0.59609375 0.15546875 0.0203125 0.03125
7 0.33125 0.70234375 0.028125 0.03984375
2 0.46015625 0.10078125 0.0203125 0.03125
3 0.3953125 0.15859375 0.02421875 0.0328125
6 0.24375 0.79453125 0.02421875 0.03671875
1 0.49453125 0.365625 0.02265625 0.0359375
0 0.1125 0.8109375 0.0265625 0.03984375
6 0.446875 0.653125 0.02265625 0.03359375
6 0.50546875 0.63671875 0.0203125 0.0328125
6 0.4828125 0.63828125 0.025 0.0375
6 0.4328125 0.25546875 0.0234375 0.03125
6 0.49375 0.61484375 0.02109375 0.02265625
6 0.47578125 0.6078125 0.02109375 0.0296875
6 0.5265625 0.603125 0.0203125 0.0296875
6 0.51875 0.6234375 0.02265625 0.02734375
6 0.49375 0.5921875 0.01875 0.02578125
4 0.4921875 0.57265625 0.021875 0.0171875
6 0.14375 0.6578125 0.02265625 0.0328125
6 0.5140625 0.58671875 0.02265625 0.03125