8 0.6734375 0.11875 0.02265625 0.0328125
2 0.49375 0.15859375 0.01875 0.02734375
7 0.52109375 0.66953125 0.02734375 0.04296875
3 0.39453125 0.15625 0.01796875 0.0296875
1 0.47734375 0.390625 0.01953125 0.034375
6 0.35546875 0.53046875 0.0234375 0.0390625
6 0.18671875 0.60703125 0.02421875 0.0328125
6 0.4234375 0.5265625 0.0234375 0.03671875
6 0.415625 0.61640625 0.02265625 0.03828125
6 0.14140625 0.625 0.02734375 0.03984375
6 0.309375 0.65234375 0.02734375 0.0390625
4 0.15703125 0.57109375 0.02578125 0.03984375
6 0.5359375 0.4890625 0.02109375 0.034375