3 0.39609375 0.15546875 0.02109375 0.0328125
4 0.48984375 0.5671875 0.02578125 0.02734375
6 0.490625 0.59140625 0.0234375 0.02578125
6 0.5078125 0.603125 0.0234375 0.034375
8 0.59609375 0.153125 0.02109375 0.03046875
1 0.49453125 0.36484375 0.02265625 0.03359375
2 0.46171875 0.09609375 0.01953125 0.02734375
6 0.4328125 0.25234375 0.025 0.0359375
6 0.14375 0.65859375 0.02578125 0.0359375
6 0.5734375 0.5859375 0.02578125 0.03671875
6 0.840625 0.6 0.0234375 0.03828125
0 0.4953125 0.74453125 0.025 0.03515625
6 0.3421875 0.5546875 0.025 0.0421875
7 0.31015625 0.39453125 0.025 0.040625