2 0.49453125 0.153125 0.01875 0.03203125
1 0.49609375 0.365625 0.02421875 0.03203125
7 0.74921875 0.15390625 0.02109375 0.02890625
8 0.703125 0.26953125 0.02109375 0.0328125
3 0.39296875 0.15625 0.0203125 0.02890625
6 0.85625 0.590625 0.028125 0.0328125
6 0.634375 0.67890625 0.0234375 0.03828125
6 0.6109375 0.59140625 0.0234375 0.03671875
6 0.5515625 0.5953125 0.025 0.03671875
6 0.4953125 0.5484375 0.02421875 0.0296875
4 0.4953125 0.584375 0.0203125 0.0421875
6 0.46796875 0.5703125 0.02265625 0.03828125
0 0.49609375 0.74921875 0.02734375 0.03359375