2 0.50546875 0.153125 0.01875 0.03203125
6 0.49296875 0.63359375 0.02109375 0.0375
6 0.47109375 0.640625 0.021875 0.0390625
6 0.48125 0.65703125 0.0234375 0.03046875
6 0.66171875 0.8078125 0.02734375 0.0421875
8 0.3953125 0.14765625 0.01953125 0.025
6 0.7671875 0.55703125 0.02265625 0.03828125
3 0.7109375 0.0328125 0.01640625 0.02890625
4 0.50703125 0.584375 0.0234375 0.040625
7 0.540625 0.4984375 0.0265625 0.034375
0 0.625 0.834375 0.02265625 0.034375
6 0.55078125 0.78515625 0.025 0.0421875
6 0.4859375 0.73125 0.0265625 0.03984375
6 0.63671875 0.56015625 0.02734375 0.034375
6 0.78515625 0.83515625 0.02734375 0.02578125