8 0.5953125 0.15625 0.01953125 0.03203125
1 0.49453125 0.36484375 0.021875 0.0265625
2 0.49296875 0.16015625 0.0234375 0.03046875
3 0.39453125 0.15625 0.01953125 0.0265625
7 0.25390625 0.26796875 0.0234375 0.0359375
6 0.85625 0.5921875 0.021875 0.0375
6 0.61171875 0.58984375 0.02734375 0.02890625
6 0.634375 0.68046875 0.02734375 0.03671875
6 0.55234375 0.59765625 0.0234375 0.03203125
6 0.4953125 0.54609375 0.028125 0.02421875
6 0.46875 0.57109375 0.021875 0.03046875
4 0.49453125 0.58671875 0.02734375 0.03515625
0 0.49609375 0.75 0.025 0.05