6 0.571875 0.44921875 0.02421875 0.03046875
6 0.84765625 0.53359375 0.02421875 0.034375
6 0.84375 0.6921875 0.0265625 0.0390625
6 0.7609375 0.646875 0.02421875 0.040625
6 0.72421875 0.6796875 0.0265625 0.0375
6 0.6328125 0.7265625 0.028125 0.0375
6 0.5375 0.62890625 0.02890625 0.0375
6 0.5328125 0.61015625 0.0265625 0.0375
6 0.50625 0.61796875 0.0265625 0.034375
0 0.521875 0.71796875 0.02578125 0.0359375
4 0.49453125 0.58125 0.02578125 0.02578125
1 0.29296875 0.05859375 0.015625 0.0328125
3 0.39296875 0.15625 0.021875 0.03671875
2 0.49453125 0.15703125 0.02109375 0.02578125
8 0.59609375 0.15546875 0.021875 0.03203125
7 0.36640625 0.3 0.021875 0.0375