8 0.59453125 0.84453125 0.02265625 0.0328125
3 0.39453125 0.84375 0.01796875 0.0296875
1 0.4953125 0.63359375 0.0234375 0.0375
6 0.5359375 0.35 0.021875 0.02890625
6 0.53984375 0.37578125 0.02265625 0.03125
4 0.49375 0.4359375 0.02421875 0.0234375
0 0.53828125 0.175 0.025 0.04296875
7 0.25390625 0.18984375 0.0328125 0.046875
6 0.459375 0.3625 0.02265625 0.03671875
6 0.56796875 0.365625 0.02578125 0.04140625
6 0.53984375 0.32890625 0.025 0.03984375
6 0.590625 0.38203125 0.028125 0.0390625
6 0.50703125 0.353125 0.0234375 0.034375
6 0.4546875 0.31953125 0.02421875 0.034375
6 0.55546875 0.409375 0.021875 0.03671875
6 0.4984375 0.3765625 0.025 0.02578125
6 0.4171875 0.36796875 0.025 0.034375
6 0.48828125 0.39921875 0.028125 0.0203125
6 0.49375 0.41484375 0.0265625 0.015625
6 0.4890625 0.315625 0.025 0.03359375
2 0.48671875 0.8484375 0.01875 0.02734375
6 0.46953125 0.375 0.02265625 0.02578125