2 0.49375 0.84375 0.02265625 0.028125
8 0.67421875 0.88359375 0.02109375 0.034375
1 0.4765625 0.6125 0.01875 0.0359375
4 0.15859375 0.43125 0.02578125 0.034375
6 0.35625 0.46875 0.02109375 0.0359375
6 0.5359375 0.50703125 0.0265625 0.03359375
6 0.50625 0.39296875 0.02109375 0.03359375
6 0.51171875 0.36640625 0.02109375 0.0375
6 0.4890625 0.3484375 0.02421875 0.03203125
6 0.4953125 0.31796875 0.021875 0.034375
6 0.46796875 0.33984375 0.02265625 0.0375
6 0.41484375 0.384375 0.02578125 0.0421875
6 0.18828125 0.39453125 0.0234375 0.0390625
6 0.13984375 0.375 0.028125 0.0359375
7 0.621875 0.321875 0.02578125 0.0390625
3 0.39453125 0.84453125 0.02265625 0.034375