8 0.325 0.88203125 0.01875 0.0328125
2 0.5046875 0.84375 0.0203125 0.03046875
4 0.8421875 0.42890625 0.028125 0.0359375
0 0.50390625 0.2515625 0.0265625 0.03359375
6 0.46328125 0.50859375 0.0234375 0.0375
6 0.38125 0.4328125 0.0234375 0.034375
6 0.64296875 0.4703125 0.025 0.034375
6 0.49375 0.3953125 0.02265625 0.03359375
6 0.4875 0.371875 0.02421875 0.02734375
6 0.48984375 0.3515625 0.0203125 0.03203125
6 0.5015625 0.33671875 0.02109375 0.034375
6 0.52109375 0.3671875 0.025 0.02421875
6 0.525 0.3421875 0.021875 0.03828125
6 0.46640625 0.32421875 0.02265625 0.03671875
6 0.81328125 0.3953125 0.0234375 0.040625
6 0.85859375 0.37578125 0.02578125 0.0359375
1 0.52265625 0.6109375 0.025 0.03515625
6 0.45390625 0.3109375 0.02265625 0.0390625
6 0.259375 0.58984375 0.021875 0.03359375
7 0.58671875 0.59921875 0.0234375 0.0359375