8 0.59609375 0.8453125 0.02109375 0.03125
2 0.4859375 0.84921875 0.01796875 0.028125
3 0.34453125 0.89375 0.02421875 0.0296875
1 0.4953125 0.63671875 0.0234375 0.03984375
7 0.63984375 0.62265625 0.02421875 0.04296875
4 0.48515625 0.42890625 0.02109375 0.034375
0 0.57734375 0.16328125 0.02578125 0.02890625
6 0.68671875 0.18515625 0.0265625 0.03984375
6 0.5140625 0.19453125 0.0234375 0.0390625
6 0.47109375 0.21328125 0.02421875 0.03984375
6 0.415625 0.215625 0.025 0.04140625
6 0.5953125 0.44140625 0.0203125 0.034375
6 0.60625 0.3875 0.02421875 0.0375
6 0.5671875 0.32890625 0.02265625 0.03671875
6 0.51953125 0.34375 0.0203125 0.03125
6 0.5140625 0.42421875 0.0203125 0.03046875
6 0.4765625 0.41015625 0.0234375 0.034375
6 0.4625 0.39140625 0.02109375 0.0359375
6 0.42421875 0.37578125 0.0234375 0.03984375
6 0.36328125 0.4078125 0.0265625 0.04453125
6 0.50703125 0.365625 0.021875 0.03828125
6 0.52890625 0.3625 0.0203125 0.03125