8 0.5953125 0.84375 0.01953125 0.03203125
1 0.49453125 0.63515625 0.021875 0.0265625
2 0.4953125 0.8421875 0.02109375 0.02265625
3 0.39453125 0.84296875 0.0171875 0.028125
7 0.6828125 0.3953125 0.02578125 0.0375
6 0.85625 0.4078125 0.0265625 0.0390625
6 0.63515625 0.321875 0.02421875 0.034375
6 0.6109375 0.41171875 0.0234375 0.0296875
6 0.55 0.40625 0.021875 0.03515625
6 0.49609375 0.453125 0.025 0.03125
6 0.46953125 0.43125 0.021875 0.03515625
4 0.49609375 0.41328125 0.02734375 0.03828125
0 0.496875 0.25 0.02421875 0.03671875