8 0.59609375 0.84375 0.02109375 0.03203125
2 0.49453125 0.84375 0.0203125 0.03203125
1 0.49375 0.634375 0.0234375 0.0328125
6 0.859375 0.40703125 0.0234375 0.0328125
6 0.48125 0.30703125 0.02578125 0.0375
6 0.61015625 0.40859375 0.02109375 0.03515625
6 0.5515625 0.4 0.02421875 0.03828125
6 0.49375 0.453125 0.0203125 0.0359375
6 0.46875 0.4265625 0.0265625 0.0375
6 0.63515625 0.31875 0.02421875 0.034375
4 0.49765625 0.415625 0.02421875 0.03984375
0 0.49609375 0.24921875 0.02578125 0.03984375
7 0.23125 0.67734375 0.025 0.03828125
3 0.3953125 0.84140625 0.01953125 0.028125