2 0.49453125 0.15546875 0.01953125 0.03125
3 0.39609375 0.15546875 0.0203125 0.03203125
4 0.4546875 0.4234375 0.03125 0.04296875
8 0.5953125 0.15625 0.01953125 0.03046875
7 0.2171875 0.59453125 0.03046875 0.04296875
1 0.49609375 0.365625 0.0234375 0.0359375
6 0.6953125 0.42109375 0.02734375 0.03515625
6 0.8265625 0.64375 0.02578125 0.03671875
6 0.52421875 0.6609375 0.021875 0.0328125
6 0.42578125 0.6546875 0.025 0.0375
6 0.5046875 0.63515625 0.021875 0.03046875
6 0.49375 0.6546875 0.0234375 0.034375
6 0.4046875 0.60703125 0.02578125 0.0375
6 0.51875 0.621875 0.02421875 0.03125
6 0.49765625 0.61484375 0.02421875 0.03046875
6 0.49765625 0.73984375 0.025 0.0375
6 0.50703125 0.57421875 0.0234375 0.03359375
6 0.57578125 0.721875 0.02890625 0.04140625
6 0.53671875 0.60859375 0.02265625 0.0375
0 0.60703125 0.8359375 0.02578125 0.04296875
6 0.1484375 0.4953125 0.02734375 0.04453125