3 0.60546875 0.84453125 0.02265625 0.034375
8 0.4046875 0.84375 0.01953125 0.03203125
1 0.50546875 0.63515625 0.021875 0.0265625
2 0.51484375 0.84921875 0.0171875 0.028125
0 0.4609375 0.17734375 0.02734375 0.0375
6 0.5265625 0.38125 0.02109375 0.03046875
6 0.5109375 0.3953125 0.02265625 0.028125
6 0.503125 0.37421875 0.0234375 0.0359375
6 0.48125 0.34921875 0.0234375 0.03671875
6 0.45234375 0.33984375 0.02265625 0.0296875
6 0.615625 0.3546875 0.02421875 0.0421875
6 0.5671875 0.27578125 0.02265625 0.03359375
6 0.52578125 0.2671875 0.021875 0.03671875
4 0.509375 0.4328125 0.0265625 0.02265625
6 0.3578125 0.43515625 0.02421875 0.0375
6 0.58125 0.21640625 0.021875 0.03984375
6 0.4859375 0.42734375 0.01875 0.0328125
6 0.521875 0.41171875 0.021875 0.02734375
6 0.3125 0.18125 0.0234375 0.04296875
6 0.40234375 0.4421875 0.025 0.0296875
7 0.52578125 0.77890625 0.0234375 0.0296875