8 0.6734375 0.11875 0.02265625 0.0328125
2 0.49375 0.15859375 0.01875 0.02734375
7 0.23203125 0.75 0.028125 0.04453125
3 0.39453125 0.15625 0.01796875 0.0296875
1 0.47734375 0.390625 0.01953125 0.034375
6 0.35546875 0.53046875 0.0234375 0.0390625
6 0.53671875 0.4890625 0.0265625 0.0390625
6 0.3078125 0.65 0.02421875 0.03828125
6 0.18671875 0.60703125 0.02421875 0.0328125
6 0.51171875 0.6296875 0.025 0.03203125
6 0.14140625 0.625 0.02734375 0.03984375
4 0.15703125 0.57109375 0.02578125 0.03984375
6 0.50546875 0.60625 0.025 0.02890625