3 0.60390625 0.84453125 0.02109375 0.0328125
8 0.4046875 0.84375 0.01953125 0.03046875
4 0.50703125 0.428125 0.01953125 0.03046875
6 0.49140625 0.39609375 0.01953125 0.0375
6 0.51015625 0.40390625 0.02109375 0.034375
6 0.6578125 0.44375 0.0234375 0.034375
6 0.8546875 0.34140625 0.025 0.04140625
6 0.4265625 0.4125 0.021875 0.03203125
6 0.15859375 0.39609375 0.02578125 0.034375
6 0.56796875 0.74453125 0.02109375 0.0375
2 0.5375 0.9015625 0.0234375 0.03046875
0 0.50390625 0.25078125 0.02578125 0.0375
7 0.68828125 0.60625 0.02578125 0.04609375
1 0.50546875 0.63359375 0.02578125 0.03359375