2 0.50546875 0.846875 0.01875 0.03203125
6 0.49296875 0.36640625 0.02109375 0.0375
6 0.47109375 0.359375 0.021875 0.0390625
6 0.48125 0.34296875 0.0234375 0.03046875
6 0.66171875 0.1921875 0.02734375 0.0421875
8 0.3953125 0.85234375 0.01953125 0.025
1 0.475 0.50234375 0.0265625 0.03359375
6 0.7671875 0.44296875 0.02265625 0.03828125
6 0.63515625 0.43828125 0.02578125 0.0421875
0 0.62421875 0.165625 0.025 0.034375
3 0.71328125 0.96796875 0.02109375 0.03046875
6 0.48671875 0.27265625 0.0265625 0.04453125
6 0.55 0.2140625 0.02578125 0.04375
6 0.48359375 0.57109375 0.0203125 0.0328125
7 0.671875 0.33515625 0.0265625 0.0421875
6 0.45625 0.3015625 0.0234375 0.040625
6 0.78359375 0.165625 0.02890625 0.028125