8 0.4046875 0.15625 0.02109375 0.0328125
2 0.50625 0.1578125 0.02109375 0.03203125
3 0.6046875 0.1578125 0.021875 0.03359375
1 0.50625 0.36640625 0.02421875 0.03828125
6 0.3734375 0.8171875 0.02890625 0.04296875
0 0.50234375 0.75390625 0.028125 0.0484375
7 0.44453125 0.61953125 0.02578125 0.04140625
6 0.49453125 0.603125 0.02421875 0.0171875
6 0.56640625 0.60546875 0.02421875 0.03828125
6 0.5171875 0.6390625 0.02265625 0.0359375
6 0.51875 0.60546875 0.025 0.02734375
6 0.47265625 0.63671875 0.025 0.03671875
6 0.484375 0.615625 0.0265625 0.0203125
6 0.50390625 0.58671875 0.025 0.01640625
6 0.50546875 0.61640625 0.02734375 0.01796875
4 0.50546875 0.56796875 0.02890625 0.021875
6 0.49375 0.6359375 0.025 0.03203125