8 0.39609375 0.8546875 0.02109375 0.03671875
2 0.50625 0.84375 0.02265625 0.0390625
7 0.67109375 0.33828125 0.0265625 0.040625
6 0.4828125 0.5703125 0.02265625 0.03984375
0 0.62421875 0.16484375 0.02734375 0.03125
6 0.784375 0.1640625 0.028125 0.02890625
6 0.6609375 0.19453125 0.0265625 0.0390625
6 0.54921875 0.2140625 0.028125 0.03828125
6 0.48515625 0.26875 0.0265625 0.0421875
6 0.47890625 0.3484375 0.021875 0.03359375
6 0.47109375 0.365625 0.01875 0.02578125
6 0.4921875 0.36953125 0.02109375 0.02890625
1 0.47421875 0.4984375 0.02421875 0.0421875
6 0.76875 0.44375 0.02265625 0.0390625
3 0.7125 0.9640625 0.0203125 0.03046875
6 0.63671875 0.43671875 0.0234375 0.0375
6 0.45625 0.2953125 0.025 0.03984375