7 0.62890625 0.184375 0.02578125 0.03515625
2 0.50625 0.15703125 0.01953125 0.03125
3 0.60390625 0.15546875 0.0203125 0.03203125
1 0.50390625 0.3640625 0.02265625 0.03515625
6 0.375 0.81328125 0.025 0.0421875
6 0.77109375 0.66484375 0.0265625 0.03671875
6 0.475 0.68359375 0.0234375 0.03515625
4 0.509375 0.5671875 0.025 0.02265625
6 0.54609375 0.678125 0.02734375 0.03671875
6 0.615625 0.60859375 0.025 0.04140625
0 0.503125 0.75 0.025 0.040625
6 0.496875 0.67578125 0.02109375 0.03515625
8 0.40703125 0.1578125 0.01953125 0.03046875
6 0.56484375 0.60625 0.025 0.03984375
6 0.47109375 0.63671875 0.0203125 0.0296875
6 0.49296875 0.6390625 0.01953125 0.0359375
6 0.5171875 0.6375 0.02421875 0.03359375
6 0.4828125 0.6171875 0.021875 0.0171875
6 0.5046875 0.615625 0.025 0.01796875
6 0.49453125 0.6015625 0.01796875 0.01640625
6 0.51875 0.6046875 0.0265625 0.0234375
6 0.503125 0.5875 0.02265625 0.01796875