7 0.19765625 0.3125 0.02734375 0.04375
0 0.50546875 0.25078125 0.025 0.03828125
6 0.8546875 0.34296875 0.02421875 0.040625
8 0.40390625 0.84609375 0.02109375 0.03203125
2 0.5390625 0.90390625 0.01953125 0.03125
3 0.60390625 0.84453125 0.0203125 0.03203125
6 0.56640625 0.74609375 0.02265625 0.03359375
1 0.50390625 0.6359375 0.02265625 0.03515625
6 0.49453125 0.35625 0.02265625 0.034375
6 0.51953125 0.3609375 0.0234375 0.03515625
6 0.4796875 0.37890625 0.02109375 0.03125
6 0.5015625 0.3796875 0.021875 0.028125
6 0.5203125 0.3921875 0.0234375 0.02890625
6 0.50546875 0.41015625 0.025 0.02734375
6 0.47421875 0.4015625 0.02265625 0.0296875
4 0.5078125 0.4328125 0.025 0.02265625