2 0.50546875 0.153125 0.01875 0.03203125
4 0.51640625 0.58046875 0.02578125 0.0390625
6 0.49296875 0.63359375 0.02109375 0.0375
6 0.47109375 0.640625 0.021875 0.0390625
6 0.48125 0.65703125 0.0234375 0.03046875
6 0.584375 0.7859375 0.0265625 0.0390625
6 0.66171875 0.8078125 0.02734375 0.0421875
6 0.784375 0.83515625 0.02734375 0.02734375
8 0.3953125 0.14765625 0.01953125 0.025
6 0.7625 0.696875 0.0265625 0.03828125
1 0.475 0.49765625 0.0265625 0.03359375
6 0.6078125 0.79921875 0.02421875 0.0453125
6 0.7671875 0.55703125 0.02265625 0.03828125
6 0.7046875 0.70546875 0.02890625 0.040625
6 0.63515625 0.56171875 0.02578125 0.0421875
6 0.4546875 0.703125 0.03046875 0.03515625
6 0.4796875 0.73828125 0.028125 0.0328125
0 0.62421875 0.834375 0.025 0.034375
7 0.6453125 0.07734375 0.01796875 0.03046875