8 0.59609375 0.84453125 0.02109375 0.0296875
2 0.49453125 0.84453125 0.0203125 0.0296875
3 0.39453125 0.84453125 0.0203125 0.02890625
4 0.453125 0.5734375 0.0234375 0.034375
6 0.6953125 0.5796875 0.02265625 0.028125
6 0.590625 0.35 0.02265625 0.03828125
6 0.53515625 0.36796875 0.02421875 0.03359375
6 0.53203125 0.39296875 0.02421875 0.03203125
6 0.5015625 0.3875 0.021875 0.03359375
6 0.84765625 0.46015625 0.0234375 0.03984375
6 0.8234375 0.3578125 0.02421875 0.0390625
1 0.28125 0.9515625 0.01875 0.03359375
6 0.4921875 0.35859375 0.02421875 0.04375
6 0.4796875 0.2234375 0.025 0.04140625
0 0.49453125 0.25078125 0.0234375 0.0375
6 0.6234375 0.31171875 0.0234375 0.0390625
6 0.7 0.284375 0.02734375 0.04609375
7 0.64921875 0.26484375 0.03046875 0.040625