3 0.60546875 0.84453125 0.02265625 0.034375
8 0.4046875 0.84375 0.01953125 0.03203125
1 0.50546875 0.63515625 0.021875 0.0265625
0 0.503125 0.2515625 0.025 0.03828125
6 0.48046875 0.34140625 0.028125 0.03515625
6 0.50546875 0.35 0.02265625 0.034375
6 0.47109375 0.3625 0.02109375 0.03359375
6 0.53828125 0.3640625 0.0234375 0.0328125
6 0.51796875 0.36171875 0.0203125 0.03203125
6 0.48359375 0.3828125 0.01796875 0.01953125
6 0.5046875 0.4046875 0.01640625 0.01875
6 0.50546875 0.38125 0.01640625 0.01953125
4 0.50703125 0.4203125 0.02265625 0.02265625
6 0.528125 0.34375 0.02109375 0.0328125
6 0.38671875 0.3515625 0.02265625 0.03515625
7 0.4875 0.8140625 0.0203125 0.0375
6 0.4078125 0.3828125 0.02421875 0.03203125
2 0.5140625 0.84765625 0.01796875 0.02890625