2 0.49375 0.846875 0.01953125 0.03125
3 0.39609375 0.84453125 0.0203125 0.03203125
6 0.6265625 0.18203125 0.025 0.0421875
4 0.49609375 0.43359375 0.025 0.02265625
8 0.5953125 0.84375 0.01953125 0.03046875
7 0.359375 0.2546875 0.025 0.0390625
0 0.4953125 0.2484375 0.0265625 0.040625
1 0.49609375 0.634375 0.0234375 0.0359375
6 0.54609375 0.35234375 0.025 0.0375
6 0.52734375 0.3640625 0.021875 0.03125
6 0.50546875 0.36328125 0.01953125 0.03359375
6 0.4828125 0.3609375 0.02578125 0.0375
6 0.43359375 0.39375 0.02421875 0.040625
6 0.51640625 0.384375 0.02578125 0.015625
6 0.49296875 0.3859375 0.025 0.01484375
6 0.50625 0.3984375 0.0265625 0.015625
6 0.48125 0.3921875 0.021875 0.02578125
6 0.496875 0.4125 0.0265625 0.01796875