2 0.49453125 0.846875 0.01875 0.03203125
6 0.50703125 0.36640625 0.02109375 0.0375
6 0.52890625 0.359375 0.021875 0.0390625
6 0.51875 0.34296875 0.0234375 0.03046875
6 0.33828125 0.1921875 0.02734375 0.0421875
8 0.6046875 0.85234375 0.01953125 0.025
6 0.2328125 0.44296875 0.02265625 0.03828125
6 0.36484375 0.43828125 0.02578125 0.0421875
0 0.37578125 0.165625 0.025 0.034375
3 0.28671875 0.96796875 0.02109375 0.03046875
6 0.51328125 0.27265625 0.0265625 0.04453125
6 0.45 0.2140625 0.02578125 0.04375
6 0.21640625 0.165625 0.02890625 0.028125
6 0.51640625 0.57109375 0.02109375 0.03671875
1 0.5265625 0.50546875 0.0203125 0.03359375
7 0.43359375 0.48125 0.02578125 0.0375