8 0.40390625 0.1546875 0.02109375 0.03125
3 0.65546875 0.10625 0.02421875 0.0296875
7 0.5421875 0.784375 0.02890625 0.0515625
4 0.51640625 0.575 0.02421875 0.0421875
0 0.42265625 0.83671875 0.02578125 0.02890625
6 0.31328125 0.81484375 0.0265625 0.03984375
6 0.65546875 0.80625 0.02578125 0.04140625
6 0.59921875 0.71875 0.02421875 0.03984375
6 0.584375 0.784375 0.025 0.04140625
2 0.5046875 0.15546875 0.021875 0.0359375
6 0.4359375 0.6734375 0.02265625 0.03671875
6 0.48046875 0.65625 0.0203125 0.03125
6 0.153125 0.58671875 0.02734375 0.0421875
6 0.271875 0.5125 0.025 0.0359375
6 0.72890625 0.83359375 0.025 0.03125
6 0.57578125 0.62421875 0.0234375 0.03984375
6 0.64296875 0.56796875 0.0265625 0.04453125
6 0.49296875 0.634375 0.021875 0.03828125
6 0.47109375 0.6375 0.0203125 0.03125
1 0.503125 0.36484375 0.021875 0.03671875