8 0.4046875 0.15546875 0.0203125 0.0265625
2 0.50625 0.15625 0.02265625 0.028125
3 0.60390625 0.15625 0.0234375 0.028125
1 0.50703125 0.3640625 0.021875 0.03828125
7 0.7359375 0.4015625 0.028125 0.0328125
4 0.50390625 0.58515625 0.02578125 0.03671875
0 0.503125 0.74765625 0.025 0.03203125
6 0.51953125 0.69140625 0.02421875 0.0390625
6 0.53203125 0.57109375 0.02578125 0.0390625
6 0.5046875 0.546875 0.025 0.034375
6 0.44921875 0.59375 0.02421875 0.0328125
6 0.3890625 0.58828125 0.02578125 0.0390625
6 0.3671875 0.678125 0.0234375 0.03828125
6 0.159375 0.59453125 0.02421875 0.034375