8 0.40546875 0.15546875 0.02265625 0.0328125
2 0.5140625 0.15234375 0.01875 0.02734375
3 0.60546875 0.15625 0.01796875 0.0296875
1 0.5046875 0.36640625 0.0234375 0.0375
6 0.45546875 0.63671875 0.0234375 0.0390625
6 0.49453125 0.63203125 0.02421875 0.02421875
4 0.50625 0.575 0.02421875 0.025
0 0.4625 0.8234375 0.025 0.04296875
7 0.309375 0.4828125 0.025 0.0390625
6 0.75390625 0.73125 0.02421875 0.0375
6 0.5046875 0.65078125 0.02421875 0.0375
6 0.48203125 0.66171875 0.025 0.03671875
6 0.409375 0.6171875 0.0296875 0.0390625
6 0.51796875 0.63515625 0.02109375 0.0265625
6 0.54140625 0.63515625 0.0265625 0.03125
6 0.4828125 0.6234375 0.01953125 0.02421875
6 0.50625 0.6171875 0.02421875 0.015625
6 0.5296875 0.61640625 0.02578125 0.01640625
6 0.4921875 0.60390625 0.02421875 0.0140625
6 0.5171875 0.6046875 0.028125 0.01640625
6 0.50546875 0.5890625 0.0265625 0.0140625
6 0.5296875 0.65078125 0.025 0.03359375