2 0.50546875 0.15703125 0.02109375 0.02578125
0 0.5046875 0.75 0.02421875 0.040625
1 0.50546875 0.3640625 0.02109375 0.02890625
8 0.325 0.11640625 0.01953125 0.03203125
3 0.6078125 0.15390625 0.0203125 0.0296875
6 0.38125 0.56953125 0.0234375 0.03203125
6 0.64375 0.53203125 0.01953125 0.03125
6 0.49453125 0.60546875 0.01640625 0.03359375
6 0.48828125 0.6328125 0.0203125 0.025
6 0.48828125 0.6515625 0.02109375 0.02890625
6 0.5203125 0.6359375 0.02109375 0.02734375
6 0.52578125 0.65859375 0.025 0.0328125
6 0.5015625 0.66640625 0.0234375 0.03828125
6 0.46640625 0.675 0.02265625 0.03359375
6 0.43671875 0.678125 0.02421875 0.03359375
4 0.8421875 0.571875 0.028125 0.0390625
7 0.2875 0.79375 0.02734375 0.0453125
6 0.475 0.5421875 0.021875 0.03828125
6 0.5609375 0.3765625 0.021875 0.034375
6 0.60390625 0.5828125 0.0265625 0.03828125
6 0.68515625 0.6265625 0.021875 0.0421875
6 0.7703125 0.60625 0.0265625 0.03828125