2 0.49375 0.15625 0.02265625 0.028125
8 0.67421875 0.11640625 0.02109375 0.034375
1 0.4765625 0.3875 0.01875 0.0359375
4 0.15859375 0.56875 0.02578125 0.034375
6 0.5359375 0.49296875 0.0265625 0.03359375
6 0.51171875 0.63359375 0.02109375 0.0375
6 0.18828125 0.60546875 0.0234375 0.0390625
6 0.13984375 0.625 0.028125 0.0359375
3 0.39453125 0.15546875 0.02265625 0.034375
7 0.58984375 0.71484375 0.02734375 0.04453125
6 0.35703125 0.53046875 0.02578125 0.0359375
6 0.4171875 0.615625 0.0265625 0.04375
6 0.50703125 0.60703125 0.02578125 0.03125
6 0.48984375 0.64921875 0.0203125 0.0390625
6 0.4671875 0.66328125 0.01953125 0.04296875
6 0.49375 0.684375 0.0265625 0.0421875
0 0.49609375 0.74765625 0.025 0.04375