8 0.67265625 0.88203125 0.02109375 0.03203125
2 0.49453125 0.84375 0.0203125 0.03203125
1 0.47734375 0.61328125 0.0234375 0.0328125
6 0.61796875 0.42890625 0.0265625 0.0421875
6 0.14296875 0.371875 0.02578125 0.03828125
6 0.53515625 0.32421875 0.02578125 0.0375
6 0.50625 0.39765625 0.02578125 0.02578125
6 0.184375 0.39296875 0.0265625 0.0375
6 0.53671875 0.5078125 0.02421875 0.034375
4 0.1578125 0.4296875 0.02421875 0.03984375
7 0.653125 0.3234375 0.025 0.03828125
3 0.39453125 0.84296875 0.01875 0.0265625