8 0.40390625 0.15546875 0.02109375 0.0296875
2 0.50546875 0.15546875 0.0203125 0.0296875
3 0.60546875 0.15546875 0.0203125 0.02890625
1 0.5046875 0.36640625 0.02109375 0.03984375
4 0.546875 0.4265625 0.0234375 0.034375
6 0.503125 0.61875 0.0234375 0.0359375
6 0.4828125 0.625 0.025 0.0328125
6 0.46875 0.6078125 0.0265625 0.0390625
6 0.17265625 0.64140625 0.0265625 0.040625
6 0.3046875 0.4203125 0.02265625 0.028125
6 0.49296875 0.5734375 0.02890625 0.034375
0 0.33671875 0.790625 0.028125 0.0359375
6 0.3375 0.73046875 0.02578125 0.0375
6 0.15234375 0.53828125 0.0296875 0.04140625
6 0.2 0.74921875 0.0296875 0.040625
6 0.51953125 0.77578125 0.028125 0.04765625
6 0.50703125 0.63828125 0.02109375 0.03203125
6 0.3546875 0.71875 0.025 0.03515625
6 0.35390625 0.815625 0.021875 0.03984375
6 0.409375 0.65234375 0.02734375 0.04375
7 0.659375 0.31015625 0.021875 0.034375