8 0.67265625 0.88203125 0.02109375 0.03203125
2 0.49453125 0.84375 0.0203125 0.03203125
1 0.47734375 0.61328125 0.0234375 0.0328125
3 0.39375 0.84140625 0.0234375 0.0328125
6 0.41640625 0.3859375 0.02578125 0.0375
6 0.31015625 0.34453125 0.02109375 0.03515625
6 0.35703125 0.4671875 0.0203125 0.0359375
6 0.5125 0.36953125 0.02109375 0.03515625
6 0.50625 0.39765625 0.02578125 0.02578125
6 0.53671875 0.5078125 0.02421875 0.034375
6 0.42421875 0.478125 0.02734375 0.03359375
7 0.57265625 0.43125 0.025 0.03828125