2 0.50546875 0.153125 0.01875 0.03203125
3 0.60390625 0.15390625 0.01875 0.028125
7 0.24921875 0.1609375 0.01875 0.0296875
1 0.50625 0.3625 0.02265625 0.0296875
8 0.171875 0.42578125 0.02421875 0.03359375
6 0.14375 0.59140625 0.02578125 0.0359375
6 0.38984375 0.5875 0.021875 0.03984375
6 0.36484375 0.678125 0.02578125 0.03984375
6 0.45078125 0.5953125 0.025 0.03828125
6 0.50390625 0.54765625 0.02421875 0.0296875
6 0.5328125 0.56953125 0.0265625 0.034375
4 0.50625 0.5859375 0.025 0.034375
0 0.503125 0.7484375 0.02578125 0.04140625