8 0.5953125 0.84375 0.01953125 0.03203125
1 0.49453125 0.63515625 0.021875 0.0265625
2 0.48515625 0.84609375 0.0203125 0.034375
6 0.68828125 0.1859375 0.02734375 0.03828125
6 0.51640625 0.42734375 0.02109375 0.03046875
6 0.528125 0.36171875 0.02109375 0.02890625
6 0.50703125 0.365625 0.02578125 0.03984375
6 0.51953125 0.3453125 0.021875 0.03359375
6 0.478125 0.41171875 0.02109375 0.03046875
6 0.4234375 0.37734375 0.0234375 0.028125
6 0.4140625 0.215625 0.0234375 0.034375
6 0.47109375 0.21640625 0.0234375 0.04375
0 0.5734375 0.16484375 0.02734375 0.02890625
4 0.48671875 0.43125 0.021875 0.03046875
6 0.5140625 0.19375 0.0265625 0.03828125
3 0.34375 0.89765625 0.015625 0.02265625
6 0.5625 0.3296875 0.025 0.03671875
6 0.3625 0.428125 0.0234375 0.0375
6 0.615625 0.39453125 0.02421875 0.03203125
7 0.77265625 0.459375 0.02421875 0.0375
6 0.29765625 0.409375 0.02578125 0.040625
6 0.20546875 0.2171875 0.02578125 0.04375