8 0.59609375 0.84609375 0.021875 0.0328125
2 0.49375 0.84296875 0.02109375 0.02890625
3 0.3953125 0.84296875 0.0203125 0.0328125
1 0.49453125 0.6359375 0.0234375 0.03359375
7 0.4296875 0.83046875 0.02265625 0.03203125
0 0.49453125 0.25234375 0.025 0.0359375
4 0.49453125 0.41484375 0.0265625 0.03828125
6 0.85390625 0.4078125 0.02578125 0.03359375
6 0.4671875 0.37109375 0.025 0.0375
6 0.634375 0.32265625 0.0265625 0.03828125
6 0.6109375 0.41015625 0.02265625 0.0375
6 0.55078125 0.403125 0.0265625 0.0375
6 0.49453125 0.45234375 0.0234375 0.03359375
6 0.46875 0.428125 0.0234375 0.03671875