8 0.596875 0.15625 0.02421875 0.03046875
1 0.49609375 0.36484375 0.02109375 0.03359375
7 0.3359375 0.0640625 0.021875 0.0234375
3 0.3953125 0.15546875 0.02109375 0.03046875
2 0.49453125 0.15546875 0.01875 0.02734375
4 0.49453125 0.58125 0.02265625 0.034375
0 0.49609375 0.74765625 0.025 0.0390625
6 0.46875 0.5703125 0.021875 0.03515625
6 0.49453125 0.54765625 0.02109375 0.02890625
6 0.55078125 0.59765625 0.021875 0.03828125
6 0.6109375 0.58984375 0.025 0.0328125
6 0.63515625 0.678125 0.0234375 0.04296875
6 0.8546875 0.5921875 0.0234375 0.03671875