8 0.5953125 0.84375 0.02109375 0.0328125
2 0.49375 0.8421875 0.02109375 0.03203125
3 0.39296875 0.8421875 0.021875 0.03359375
7 0.31953125 0.32890625 0.025 0.04453125
6 0.52890625 0.36171875 0.02421875 0.0359375
0 0.49609375 0.2484375 0.0265625 0.0453125
6 0.62578125 0.184375 0.0234375 0.03828125
4 0.496875 0.3484375 0.0265625 0.0359375
1 0.49375 0.63671875 0.02421875 0.03828125
6 0.50546875 0.3625 0.02109375 0.0328125
6 0.4828125 0.36171875 0.02265625 0.03515625
6 0.5171875 0.38515625 0.0234375 0.015625
6 0.49296875 0.3859375 0.02734375 0.015625
6 0.5046875 0.39765625 0.028125 0.01328125
6 0.48125 0.39375 0.02109375 0.02421875
6 0.49609375 0.41171875 0.02421875 0.01328125