3 0.39296875 0.84375 0.021875 0.03671875
2 0.49453125 0.84296875 0.02109375 0.02578125
8 0.59609375 0.84453125 0.021875 0.03203125
0 0.4953125 0.25 0.02421875 0.040625
1 0.49453125 0.6359375 0.02109375 0.02890625
4 0.49296875 0.41953125 0.02421875 0.02578125
6 0.6171875 0.42890625 0.0203125 0.03828125
6 0.48125 0.3671875 0.02109375 0.01953125
6 0.50546875 0.39609375 0.01953125 0.02421875
6 0.48359375 0.396875 0.0203125 0.025
7 0.70546875 0.1890625 0.025 0.04765625
6 0.45625 0.4390625 0.02265625 0.0375
6 0.4453125 0.3859375 0.02265625 0.0390625
6 0.4171875 0.3328125 0.025 0.0375
6 0.51640625 0.37734375 0.0203125 0.03125
6 0.509375 0.35625 0.0234375 0.0328125
6 0.49921875 0.33671875 0.0234375 0.0390625
6 0.47578125 0.34140625 0.0265625 0.03125
6 0.528125 0.3296875 0.0265625 0.0375
6 0.54453125 0.34609375 0.02265625 0.034375
4 0.4140625 0.41796875 0.025 0.034375