3 0.60390625 0.15546875 0.02109375 0.0328125
8 0.4046875 0.15625 0.01953125 0.03046875
1 0.5046875 0.36328125 0.02265625 0.03203125
2 0.50546875 0.15625 0.02109375 0.03515625
6 0.4828125 0.61640625 0.02265625 0.0125
6 0.50703125 0.61640625 0.02578125 0.009375
6 0.5296875 0.62421875 0.01953125 0.03359375
6 0.471875 0.6375 0.02265625 0.02734375
6 0.478125 0.66015625 0.021875 0.03359375
6 0.49453125 0.6375 0.0203125 0.0296875
6 0.50703125 0.65234375 0.0203125 0.03046875
6 0.5171875 0.6390625 0.01875 0.03046875
6 0.5421875 0.63359375 0.02109375 0.03046875
0 0.50390625 0.7484375 0.021875 0.03515625
4 0.5078125 0.5765625 0.02734375 0.0203125
6 0.53125 0.6515625 0.0203125 0.0359375
6 0.3671875 0.42421875 0.02265625 0.0328125
6 0.52578125 0.6796875 0.02109375 0.034375
7 0.38828125 0.38828125 0.02421875 0.03671875