4 0.50859375 0.57109375 0.021875 0.025
3 0.60390625 0.15546875 0.02109375 0.0328125
8 0.403125 0.1546875 0.0203125 0.0296875
2 0.5375 0.096875 0.01796875 0.028125
6 0.56640625 0.25546875 0.02109375 0.0328125
1 0.50546875 0.36484375 0.02109375 0.0296875
6 0.51015625 0.5921875 0.0234375 0.02578125
6 0.490625 0.60234375 0.025 0.034375
6 0.43671875 0.66484375 0.02265625 0.0390625
6 0.42578125 0.58359375 0.02265625 0.034375
6 0.59921875 0.5578125 0.02734375 0.034375
6 0.65859375 0.55546875 0.025 0.0359375
6 0.17890625 0.60078125 0.02578125 0.0375
7 0.3828125 0.5875 0.02578125 0.0375