4 0.49140625 0.57109375 0.021875 0.025
3 0.39609375 0.15546875 0.02109375 0.0328125
8 0.596875 0.1546875 0.0203125 0.0296875
2 0.4625 0.096875 0.01796875 0.028125
6 0.43359375 0.25546875 0.02109375 0.0328125
1 0.49453125 0.36484375 0.02109375 0.0296875
6 0.48984375 0.5921875 0.0234375 0.02578125
6 0.509375 0.60234375 0.025 0.034375
6 0.57421875 0.58359375 0.02265625 0.034375
6 0.40078125 0.5578125 0.02734375 0.034375
6 0.34140625 0.55546875 0.025 0.0359375
6 0.8375 0.60078125 0.02578125 0.0375
6 0.14453125 0.65703125 0.02578125 0.03359375
7 0.16484375 0.75546875 0.02890625 0.0390625