8 0.4046875 0.84375 0.02109375 0.0328125
2 0.50625 0.8421875 0.02109375 0.03203125
3 0.60703125 0.8421875 0.021875 0.03359375
7 0.69140625 0.9046875 0.025 0.03671875
6 0.3671875 0.27109375 0.02578125 0.040625
6 0.4625 0.36796875 0.025 0.03671875
6 0.46796875 0.39140625 0.02578125 0.0328125
6 0.49296875 0.384375 0.0265625 0.03515625
1 0.7078125 0.94609375 0.02421875 0.03828125
0 0.47734375 0.28046875 0.0265625 0.040625
6 0.15625 0.309375 0.0265625 0.04296875
6 0.15078125 0.4640625 0.0234375 0.03828125
6 0.27421875 0.3234375 0.02734375 0.03828125
4 0.5046875 0.4171875 0.02890625 0.03828125
6 0.4296875 0.55 0.02578125 0.03828125
6 0.2375 0.35234375 0.025 0.04140625