8 0.3265625 0.11875 0.02265625 0.0328125
2 0.50625 0.15859375 0.01875 0.02734375
7 0.4625 0.575 0.0265625 0.04296875
3 0.60546875 0.15625 0.01796875 0.0296875
1 0.52265625 0.390625 0.01953125 0.034375
6 0.64453125 0.53046875 0.0234375 0.0390625
6 0.81328125 0.60703125 0.02421875 0.0328125
6 0.5765625 0.5265625 0.0234375 0.03671875
6 0.690625 0.65234375 0.02734375 0.0390625
4 0.84296875 0.57109375 0.02578125 0.03984375
6 0.86015625 0.628125 0.02109375 0.034375
6 0.4640625 0.4890625 0.01953125 0.0359375
0 0.4890625 0.7375 0.025 0.0390625