8 0.40390625 0.15625 0.02109375 0.03203125
2 0.50546875 0.15625 0.0203125 0.03203125
1 0.50390625 0.3671875 0.0234375 0.0328125
6 0.14609375 0.59296875 0.0265625 0.0421875
6 0.4484375 0.5953125 0.02578125 0.0375
6 0.38984375 0.5875 0.02109375 0.03515625
6 0.50625 0.54765625 0.0203125 0.0359375
6 0.52109375 0.69375 0.0265625 0.0375
6 0.365625 0.68046875 0.02421875 0.034375
4 0.50625 0.5859375 0.02421875 0.03984375
6 0.53046875 0.5703125 0.0234375 0.034375
0 0.50390625 0.75078125 0.02578125 0.03984375
7 0.75546875 0.36015625 0.025 0.03828125
3 0.60546875 0.1578125 0.01953125 0.02734375