1 0.50546875 0.365625 0.021875 0.034375
3 0.60546875 0.15625 0.0234375 0.03203125
2 0.50546875 0.1546875 0.02265625 0.03359375
8 0.40390625 0.15390625 0.02109375 0.0328125
7 0.67734375 0.04296875 0.02265625 0.03046875
0 0.50390625 0.75 0.0265625 0.04140625
4 0.50546875 0.57734375 0.025 0.021875
6 0.38203125 0.575 0.02734375 0.03828125
6 0.48359375 0.6625 0.025 0.034375
6 0.56015625 0.659375 0.02578125 0.0390625
6 0.50625 0.64921875 0.02421875 0.03125
6 0.52890625 0.6515625 0.02265625 0.034375
6 0.471875 0.63515625 0.02890625 0.03125
6 0.496875 0.63203125 0.02265625 0.025
6 0.51953125 0.63671875 0.0203125 0.0296875
6 0.540625 0.634375 0.01953125 0.02734375
6 0.484375 0.61484375 0.02265625 0.0140625
6 0.5078125 0.615625 0.02421875 0.01328125
6 0.5296875 0.61484375 0.025 0.01328125
6 0.49375 0.60390625 0.02421875 0.0125
6 0.51640625 0.60234375 0.021875 0.0125
6 0.50546875 0.590625 0.0265625 0.0125