2 0.49453125 0.84453125 0.01953125 0.03125
3 0.39609375 0.84453125 0.0203125 0.03203125
4 0.4953125 0.43203125 0.0265625 0.02578125
8 0.5953125 0.84375 0.01953125 0.03046875
7 0.2828125 0.91015625 0.02265625 0.0359375
1 0.49609375 0.634375 0.0234375 0.0359375
6 0.50390625 0.32421875 0.025 0.03046875
6 0.628125 0.184375 0.02578125 0.03671875
6 0.528125 0.36015625 0.021875 0.0328125
6 0.434375 0.39296875 0.025 0.0375
6 0.50546875 0.36171875 0.021875 0.03125
6 0.48359375 0.3609375 0.0234375 0.034375
6 0.38359375 0.3859375 0.02578125 0.0375
6 0.51875 0.38125 0.0265625 0.0203125
6 0.4953125 0.3828125 0.02578125 0.0203125
6 0.52421875 0.31484375 0.025 0.0375
6 0.48203125 0.390625 0.02109375 0.028125
6 0.453125 0.31953125 0.02890625 0.04140625
6 0.50546875 0.39921875 0.02265625 0.015625
0 0.49453125 0.25078125 0.02578125 0.04296875
6 0.25703125 0.33359375 0.02734375 0.04453125
6 0.496875 0.4109375 0.021875 0.01640625