8 0.4046875 0.15390625 0.02109375 0.03046875
2 0.51484375 0.15390625 0.01796875 0.0296875
3 0.60703125 0.15625 0.025 0.03046875
1 0.5046875 0.3671875 0.0203125 0.03359375
6 0.30703125 0.74140625 0.02421875 0.03984375
0 0.4265625 0.8375 0.025 0.03046875
4 0.51328125 0.56328125 0.025 0.02734375
7 0.24921875 0.409375 0.0234375 0.0390625
6 0.3140625 0.815625 0.0265625 0.04375
6 0.57734375 0.625 0.0234375 0.03671875
6 0.40390625 0.5578125 0.025 0.03515625
6 0.53359375 0.76953125 0.02421875 0.040625
6 0.58515625 0.7828125 0.02578125 0.04140625
6 0.4796875 0.6546875 0.025 0.03671875
6 0.49609375 0.8375 0.0265625 0.0296875
6 0.45078125 0.65859375 0.0265625 0.03984375
6 0.47265625 0.63203125 0.025 0.021875
6 0.59296875 0.73515625 0.0234375 0.0359375
6 0.584375 0.59296875 0.02421875 0.03515625
6 0.48515625 0.57265625 0.021875 0.03359375
6 0.525 0.61796875 0.0234375 0.0328125
6 0.52265625 0.58671875 0.02421875 0.02421875