3 0.60546875 0.84453125 0.02265625 0.034375
8 0.4046875 0.84375 0.01953125 0.03203125
1 0.50546875 0.63515625 0.021875 0.0265625
4 0.50625 0.41484375 0.025 0.0359375
7 0.53125 0.88671875 0.01953125 0.03359375
2 0.50625 0.84375 0.02109375 0.028125
6 0.1453125 0.40546875 0.02578125 0.03359375
6 0.36640625 0.32265625 0.02734375 0.03671875
6 0.390625 0.41171875 0.02265625 0.03203125
6 0.45078125 0.403125 0.028125 0.03359375
6 0.57265625 0.390625 0.02109375 0.03203125
6 0.5296875 0.43125 0.021875 0.03203125
6 0.5046875 0.45078125 0.02109375 0.0296875
0 0.5046875 0.25 0.02109375 0.03359375