8 0.40546875 0.15703125 0.02265625 0.0328125
2 0.50625 0.15859375 0.01875 0.02734375
7 0.75234375 0.0875 0.02109375 0.03203125
3 0.60546875 0.15625 0.01796875 0.0296875
1 0.50546875 0.36640625 0.01953125 0.034375
4 0.50625 0.5859375 0.021875 0.03515625
0 0.5046875 0.75078125 0.0234375 0.03984375
6 0.14375 0.59453125 0.0234375 0.0390625
6 0.36484375 0.68046875 0.0265625 0.0390625
6 0.3890625 0.5921875 0.02421875 0.03828125
6 0.44921875 0.596875 0.02421875 0.03984375
6 0.50390625 0.54765625 0.02109375 0.03671875
6 0.5328125 0.571875 0.02265625 0.03828125