2 0.50546875 0.846875 0.01875 0.03203125
1 0.50625 0.6328125 0.021875 0.0328125
6 0.47265625 0.36484375 0.01953125 0.0359375
6 0.48046875 0.3453125 0.021875 0.04375
3 0.7109375 0.96640625 0.0203125 0.02578125
8 0.396875 0.853125 0.02265625 0.0296875
6 0.49296875 0.37265625 0.02265625 0.0359375
0 0.6390625 0.18359375 0.0234375 0.0453125
6 0.84453125 0.16328125 0.028125 0.02890625
6 0.7703125 0.4453125 0.02578125 0.0375
4 0.5046875 0.41484375 0.0265625 0.0421875
6 0.6609375 0.19609375 0.021875 0.03828125
6 0.778125 0.17734375 0.02890625 0.03828125
7 0.4171875 0.4828125 0.02890625 0.04453125