8 0.675 0.88203125 0.01875 0.0328125
2 0.4953125 0.84375 0.0203125 0.03046875
6 0.53671875 0.50859375 0.0234375 0.0375
6 0.35703125 0.4703125 0.025 0.034375
6 0.50625 0.3953125 0.02265625 0.03359375
6 0.5125 0.371875 0.02421875 0.02734375
3 0.39375 0.84296875 0.02421875 0.03046875
1 0.4765625 0.61171875 0.0203125 0.0328125
6 0.61796875 0.43046875 0.02421875 0.03671875
6 0.47421875 0.34453125 0.02265625 0.034375
7 0.5703125 0.51328125 0.02578125 0.0390625
6 0.4234375 0.3796875 0.021875 0.03515625
0 0.4953125 0.24453125 0.0265625 0.05234375
6 0.18671875 0.3953125 0.0265625 0.03359375
6 0.140625 0.37421875 0.02421875 0.03515625
4 0.1578125 0.43046875 0.02578125 0.03046875
6 0.49140625 0.353125 0.0203125 0.034375
6 0.49375 0.3171875 0.021875 0.0421875