1 0.50625 0.36484375 0.021875 0.0328125
3 0.60546875 0.15625 0.0234375 0.03203125
2 0.50546875 0.1546875 0.02265625 0.03359375
8 0.40390625 0.15390625 0.02109375 0.0328125
6 0.37421875 0.8140625 0.03046875 0.03984375
7 0.4296875 0.1453125 0.02578125 0.034375
6 0.47578125 0.6828125 0.02265625 0.0359375
4 0.50390625 0.5703125 0.0234375 0.028125
0 0.50390625 0.746875 0.02578125 0.03984375
6 0.4984375 0.67421875 0.02265625 0.03359375
6 0.54609375 0.6765625 0.0234375 0.03671875
6 0.72734375 0.66796875 0.02265625 0.0421875
6 0.471875 0.63515625 0.02421875 0.0359375
6 0.4953125 0.63515625 0.025 0.0328125
6 0.51796875 0.63984375 0.02421875 0.040625
6 0.565625 0.60390625 0.02265625 0.03515625
6 0.61640625 0.609375 0.02265625 0.03828125
6 0.484375 0.6140625 0.021875 0.0140625
6 0.509375 0.615625 0.02578125 0.01484375
6 0.49453125 0.60078125 0.0265625 0.015625
6 0.51875 0.6046875 0.01875 0.0234375
6 0.503125 0.58984375 0.0234375 0.0140625