8 0.60390625 0.1453125 0.0203125 0.03046875
2 0.49375 0.15546875 0.021875 0.03515625
7 0.38203125 0.33828125 0.02578125 0.0375
3 0.28671875 0.03515625 0.02109375 0.025
0 0.37734375 0.8328125 0.025 0.03125
6 0.23125 0.5546875 0.02265625 0.0359375
1 0.5234375 0.50078125 0.02421875 0.03515625
6 0.2140625 0.8375 0.02421875 0.0296875
6 0.33828125 0.8046875 0.02578125 0.0421875
6 0.4515625 0.7859375 0.02578125 0.04375
6 0.51328125 0.73046875 0.02421875 0.03984375
6 0.51953125 0.65390625 0.02109375 0.034375
6 0.50703125 0.63125 0.01953125 0.034375
6 0.528125 0.63359375 0.01875 0.0203125
6 0.36484375 0.5625 0.021875 0.0375
4 0.49375 0.58671875 0.0234375 0.04140625