8 0.59609375 0.84453125 0.02109375 0.0296875
2 0.49453125 0.84453125 0.0203125 0.0296875
3 0.39453125 0.84453125 0.0203125 0.02890625
4 0.453125 0.5734375 0.0234375 0.034375
6 0.82734375 0.35859375 0.0265625 0.040625
6 0.6953125 0.5796875 0.02265625 0.028125
6 0.84921875 0.4640625 0.021875 0.03828125
6 0.590625 0.35 0.02265625 0.03828125
6 0.53515625 0.36796875 0.02421875 0.03359375
6 0.53203125 0.39296875 0.02421875 0.03203125
6 0.5015625 0.3875 0.021875 0.03359375
6 0.49375 0.36171875 0.021875 0.03984375
6 0.47890625 0.221875 0.02109375 0.03984375
7 0.271875 0.36953125 0.028125 0.0421875
1 0.28359375 0.9546875 0.021875 0.03125