2 0.50546875 0.153125 0.01875 0.03203125
6 0.66171875 0.8078125 0.02734375 0.0421875
8 0.3953125 0.14765625 0.01953125 0.025
6 0.7671875 0.55703125 0.02265625 0.03828125
3 0.7109375 0.0328125 0.01640625 0.02890625
4 0.50625 0.584375 0.0203125 0.0359375
1 0.50625 0.3671875 0.021875 0.0328125
7 0.675 0.46640625 0.02578125 0.03359375
6 0.47265625 0.63515625 0.01953125 0.0359375
6 0.49140625 0.63203125 0.025 0.0375
6 0.48046875 0.6546875 0.021875 0.04375
6 0.484375 0.7296875 0.02578125 0.03828125
6 0.5484375 0.78125 0.02421875 0.03984375
0 0.6265625 0.8359375 0.02890625 0.03203125
6 0.78515625 0.8359375 0.02578125 0.0265625