8 0.40390625 0.1546875 0.02109375 0.03125
2 0.5140625 0.15078125 0.01796875 0.028125
3 0.65546875 0.10625 0.02421875 0.0296875
1 0.5046875 0.36328125 0.0234375 0.03984375
7 0.190625 0.59765625 0.03125 0.04921875
4 0.51484375 0.57109375 0.02109375 0.034375
0 0.42265625 0.83671875 0.02578125 0.02890625
6 0.31328125 0.81484375 0.0265625 0.03984375
6 0.4859375 0.80546875 0.0234375 0.0390625
6 0.52890625 0.78671875 0.02421875 0.03984375
6 0.584375 0.784375 0.025 0.04140625
6 0.76015625 0.81875 0.028125 0.04609375
6 0.3859375 0.6078125 0.02421875 0.0375
6 0.4328125 0.67109375 0.02265625 0.03671875
6 0.48046875 0.65625 0.0203125 0.03125
6 0.4859375 0.57578125 0.0203125 0.03046875
6 0.5234375 0.58984375 0.0234375 0.034375
6 0.68046875 0.59140625 0.0234375 0.03828125
6 0.57578125 0.62421875 0.0234375 0.03984375
6 0.64296875 0.56796875 0.0265625 0.04453125
6 0.49296875 0.634375 0.021875 0.03828125
6 0.47109375 0.6375 0.0203125 0.03125