2 0.49375 0.15625 0.02265625 0.028125
3 0.39453125 0.15546875 0.02265625 0.034375
8 0.6734375 0.11796875 0.01953125 0.0296875
1 0.47734375 0.38828125 0.02109375 0.040625
6 0.5375 0.48984375 0.021875 0.0328125
6 0.35703125 0.5328125 0.0265625 0.03515625
6 0.309375 0.65546875 0.028125 0.03828125
0 0.49609375 0.74765625 0.02109375 0.034375
6 0.18671875 0.603125 0.0234375 0.03046875
6 0.14140625 0.625 0.02421875 0.03359375
4 0.159375 0.571875 0.0234375 0.03515625
7 0.359375 0.7078125 0.02265625 0.0453125