3 0.60546875 0.84453125 0.02265625 0.034375
8 0.4046875 0.84375 0.01953125 0.03203125
1 0.50546875 0.63515625 0.021875 0.0265625
0 0.503125 0.2515625 0.025 0.03828125
4 0.50703125 0.415625 0.02265625 0.03203125
2 0.50625 0.84375 0.0171875 0.028125
7 0.70859375 0.64765625 0.0234375 0.03515625
6 0.5296875 0.42890625 0.02421875 0.0328125
6 0.5046875 0.4515625 0.02265625 0.03203125
6 0.44921875 0.403125 0.02421875 0.03359375
6 0.38984375 0.41015625 0.0265625 0.0328125
6 0.365625 0.325 0.021875 0.0296875
6 0.36953125 0.30078125 0.01953125 0.0296875
6 0.14453125 0.409375 0.02265625 0.03359375