8 0.4046875 0.15625 0.02109375 0.0328125
2 0.50625 0.1578125 0.02109375 0.03203125
3 0.60703125 0.1578125 0.021875 0.03359375
7 0.7125 0.31015625 0.02578125 0.03984375
6 0.50703125 0.6390625 0.02265625 0.0359375
6 0.4625 0.63203125 0.025 0.03671875
6 0.46796875 0.60859375 0.02578125 0.0328125
6 0.4984375 0.6125 0.02421875 0.03046875
1 0.7078125 0.05390625 0.02421875 0.03828125
0 0.47890625 0.72265625 0.0265625 0.0453125
6 0.175 0.6453125 0.0265625 0.04296875
6 0.15078125 0.5359375 0.0234375 0.03828125
6 0.5171875 0.75625 0.02734375 0.03828125
4 0.5046875 0.5828125 0.02890625 0.03828125
6 0.4296875 0.45 0.02578125 0.03828125
6 0.41015625 0.653125 0.021875 0.03984375