8 0.40390625 0.84453125 0.02109375 0.0296875
2 0.50546875 0.84453125 0.0203125 0.0296875
3 0.60546875 0.84453125 0.0203125 0.02890625
1 0.5046875 0.63359375 0.02109375 0.03984375
6 0.56640625 0.39453125 0.02421875 0.03671875
4 0.5046875 0.42890625 0.02421875 0.0265625
6 0.45625 0.35 0.02109375 0.040625
6 0.4734375 0.36171875 0.02421875 0.0375
6 0.49609375 0.3625 0.021875 0.03671875
6 0.51875 0.36328125 0.0234375 0.03515625
6 0.48203125 0.37890625 0.025 0.028125
6 0.50625 0.3765625 0.0265625 0.0296875
6 0.49296875 0.39609375 0.0265625 0.01953125
6 0.51796875 0.39140625 0.0234375 0.03046875