8 0.40390625 0.84453125 0.0203125 0.03125
7 0.7546875 0.34765625 0.028125 0.03984375
2 0.53828125 0.89921875 0.0203125 0.03125
3 0.6046875 0.84140625 0.02421875 0.0328125
1 0.50546875 0.634375 0.02265625 0.0359375
6 0.49453125 0.35625 0.0203125 0.0328125
6 0.51953125 0.359375 0.02421875 0.03828125
6 0.85625 0.3421875 0.0265625 0.034375
6 0.50625 0.38515625 0.02109375 0.02265625
6 0.52421875 0.3921875 0.02109375 0.0296875
6 0.47578125 0.396875 0.0203125 0.0296875
6 0.48203125 0.3796875 0.02265625 0.02890625
6 0.50625 0.4078125 0.01875 0.02578125
4 0.5078125 0.42734375 0.021875 0.0171875
6 0.56875 0.74296875 0.02265625 0.0328125
6 0.4859375 0.4078125 0.0203125 0.0296875