3 0.39296875 0.15625 0.021875 0.03671875
2 0.49453125 0.15703125 0.02109375 0.02578125
0 0.4953125 0.75 0.02421875 0.040625
1 0.49453125 0.3640625 0.02109375 0.02890625
8 0.5953125 0.15546875 0.02109375 0.0296875
7 0.14453125 0.5921875 0.02890625 0.0421875
6 0.50625 0.634375 0.02734375 0.0359375
6 0.48125 0.63359375 0.021875 0.0375
6 0.46953125 0.56875 0.0203125 0.0359375
6 0.49453125 0.54921875 0.021875 0.0390625
6 0.55 0.59609375 0.021875 0.0375
6 0.58359375 0.63359375 0.021875 0.0375
6 0.61015625 0.5875 0.02421875 0.03203125