8 0.59609375 0.15546875 0.02109375 0.0296875
2 0.49453125 0.15546875 0.0203125 0.0296875
3 0.39453125 0.15546875 0.0203125 0.02890625
1 0.4953125 0.36640625 0.02109375 0.03984375
4 0.453125 0.4265625 0.0234375 0.034375
6 0.15 0.49453125 0.02578125 0.0390625
6 0.425 0.65390625 0.02578125 0.0375
6 0.40546875 0.60703125 0.028125 0.034375
6 0.52421875 0.66015625 0.0234375 0.0375
6 0.49296875 0.65546875 0.02578125 0.034375
6 0.496875 0.61875 0.0234375 0.0359375
6 0.5046875 0.6375 0.02109375 0.0265625
6 0.5171875 0.625 0.025 0.0328125
6 0.53125 0.6078125 0.0265625 0.0390625
6 0.82734375 0.64140625 0.0265625 0.040625
6 0.6953125 0.4203125 0.02265625 0.028125
6 0.50703125 0.5734375 0.02890625 0.034375
6 0.4984375 0.74140625 0.0265625 0.040625
6 0.521875 0.71171875 0.0234375 0.03984375
7 0.11953125 0.7203125 0.0265625 0.04296875
0 0.55546875 0.80859375 0.025 0.0359375