8 0.40390625 0.84453125 0.02109375 0.0296875
2 0.50546875 0.84453125 0.0203125 0.0296875
3 0.60546875 0.84453125 0.0203125 0.02890625
1 0.5046875 0.63359375 0.02109375 0.03984375
4 0.50390625 0.43046875 0.02578125 0.02421875
7 0.44375 0.378125 0.025 0.04453125
0 0.50390625 0.25078125 0.02578125 0.03984375
6 0.3734375 0.18671875 0.025 0.0375
6 0.50390625 0.40859375 0.02421875 0.02265625
6 0.49453125 0.3921875 0.02578125 0.01953125
6 0.5171875 0.390625 0.025 0.0328125
6 0.484375 0.38125 0.02421875 0.01875
6 0.50625 0.384375 0.021875 0.01484375
6 0.471875 0.365625 0.0234375 0.03203125
6 0.49296875 0.365625 0.0203125 0.03359375
6 0.5171875 0.36484375 0.03046875 0.03984375
6 0.5640625 0.3953125 0.02734375 0.0359375