8 0.3265625 0.11875 0.02265625 0.0328125
2 0.50625 0.15859375 0.01875 0.02734375
7 0.35703125 0.65078125 0.028125 0.04453125
3 0.60546875 0.15625 0.01796875 0.0296875
1 0.52265625 0.390625 0.01953125 0.034375
6 0.64453125 0.53046875 0.0234375 0.0390625
6 0.46328125 0.4890625 0.0265625 0.0390625
6 0.50625 0.6828125 0.02421875 0.03828125
6 0.81015625 0.6015625 0.01796875 0.021875
6 0.53203125 0.6625 0.02109375 0.03671875
6 0.584375 0.61640625 0.02265625 0.03828125
6 0.48828125 0.6296875 0.025 0.03203125
6 0.509375 0.64921875 0.02578125 0.03359375
6 0.49453125 0.60625 0.025 0.02890625