7 0.61875 0.8640625 0.021875 0.03515625
8 0.40390625 0.84609375 0.01953125 0.034375
2 0.51328125 0.84921875 0.01953125 0.03046875
3 0.64921875 0.890625 0.0234375 0.0328125
1 0.50625 0.63359375 0.0203125 0.03046875
0 0.42265625 0.16328125 0.02578125 0.03671875
6 0.3125 0.18671875 0.02578125 0.03828125
6 0.48515625 0.19375 0.02890625 0.0375
6 0.40234375 0.4421875 0.025 0.03984375
6 0.4515625 0.3421875 0.02421875 0.0359375
6 0.4796875 0.3484375 0.02265625 0.03671875
6 0.5375 0.38828125 0.02421875 0.03828125
4 0.5125 0.4328125 0.0234375 0.03515625
6 0.7984375 0.2078125 0.02734375 0.0421875
6 0.5296875 0.21640625 0.02578125 0.040625
6 0.584375 0.215625 0.02734375 0.04296875
6 0.59140625 0.26328125 0.02734375 0.04140625
6 0.48515625 0.4265625 0.02421875 0.03828125
6 0.57734375 0.3765625 0.02265625 0.03671875
6 0.49453125 0.36875 0.02265625 0.0359375
6 0.52265625 0.4109375 0.02421875 0.02890625
6 0.47265625 0.365625 0.02109375 0.02734375