2 0.50546875 0.15703125 0.02109375 0.02578125
0 0.5046875 0.75 0.02421875 0.040625
1 0.50546875 0.3640625 0.02109375 0.02890625
8 0.4046875 0.15546875 0.02109375 0.02734375
8 0.60625 0.1546875 0.021875 0.03203125
7 0.69296875 0.53515625 0.0234375 0.0375
6 0.53046875 0.57109375 0.021875 0.040625
6 0.50625 0.54921875 0.02421875 0.03359375
6 0.3875 0.5875 0.0265625 0.03359375
6 0.41640625 0.63046875 0.021875 0.03203125
6 0.44921875 0.596875 0.02421875 0.03203125
6 0.4953125 0.6359375 0.02265625 0.034375
6 0.51875 0.6390625 0.02421875 0.040625