8 0.32734375 0.11796875 0.02109375 0.03203125
7 0.2328125 0.7515625 0.025 0.040625
2 0.50546875 0.15625 0.0203125 0.03203125
3 0.60703125 0.15546875 0.0203125 0.03046875
1 0.50625 0.3671875 0.0234375 0.0328125
6 0.5203125 0.52890625 0.02734375 0.04140625
6 0.38203125 0.57109375 0.0265625 0.0421875
6 0.434375 0.678125 0.02578125 0.03828125
6 0.46640625 0.67734375 0.02578125 0.04375
6 0.5015625 0.6625 0.02109375 0.03515625
6 0.52421875 0.66015625 0.02421875 0.03828125
6 0.48828125 0.62578125 0.02265625 0.01953125
6 0.47109375 0.61953125 0.02265625 0.0328125
6 0.48984375 0.6453125 0.02109375 0.025
6 0.56953125 0.603125 0.021875 0.0375
6 0.621875 0.60703125 0.0234375 0.0375
6 0.48125 0.5984375 0.02421875 0.02890625
6 0.55703125 0.625 0.02265625 0.0375
6 0.64453125 0.53125 0.02265625 0.03828125
0 0.5046875 0.7515625 0.025 0.04609375
4 0.8421875 0.5703125 0.02421875 0.03984375
6 0.5203125 0.6359375 0.02109375 0.0203125