8 0.6734375 0.88125 0.02265625 0.0328125
2 0.49375 0.84140625 0.01875 0.02734375
7 0.334375 0.2828125 0.028125 0.04453125
3 0.39453125 0.84375 0.01796875 0.0296875
1 0.47734375 0.609375 0.01953125 0.034375
6 0.35546875 0.46953125 0.0234375 0.0390625
0 0.49609375 0.25078125 0.0265625 0.0390625
6 0.18671875 0.39296875 0.02421875 0.0328125
6 0.43984375 0.44453125 0.02109375 0.03671875
6 0.415625 0.38359375 0.02265625 0.03828125
6 0.51171875 0.3703125 0.025 0.03203125
6 0.14140625 0.375 0.02734375 0.03984375
6 0.346875 0.3484375 0.02578125 0.03359375
4 0.15703125 0.42890625 0.02578125 0.03984375
6 0.50546875 0.39375 0.025 0.02890625
6 0.5359375 0.5109375 0.02109375 0.034375