8 0.67265625 0.11796875 0.02109375 0.03203125
7 0.2046875 0.19296875 0.02734375 0.03828125
2 0.49453125 0.15625 0.0203125 0.03203125
3 0.42578125 0.1234375 0.0203125 0.03046875
1 0.49375 0.3671875 0.0234375 0.0328125
6 0.61796875 0.57109375 0.0265625 0.0421875
6 0.565625 0.678125 0.02578125 0.03828125
6 0.53359375 0.67734375 0.02578125 0.04375
6 0.4984375 0.6625 0.02109375 0.03515625
6 0.47578125 0.66015625 0.02421875 0.03828125
6 0.5109375 0.6484375 0.021875 0.02890625
6 0.51171875 0.62578125 0.021875 0.025
6 0.13984375 0.62578125 0.0265625 0.03515625
6 0.50625 0.60234375 0.02578125 0.02578125
6 0.184375 0.60703125 0.0265625 0.0375
6 0.53671875 0.4921875 0.02421875 0.034375
6 0.38828125 0.58046875 0.02421875 0.0375
6 0.35546875 0.53125 0.02265625 0.03828125
0 0.4953125 0.7515625 0.025 0.04609375
4 0.1578125 0.5703125 0.02421875 0.03984375
6 0.4796875 0.6359375 0.02109375 0.0203125
6 0.49375 0.35234375 0.01875 0.0203125