8 0.3953125 0.8546875 0.02265625 0.03125
3 0.71328125 0.9640625 0.02421875 0.0296875
7 0.715625 0.6234375 0.028125 0.04375
6 0.66015625 0.19375 0.02578125 0.04140625
6 0.48359375 0.56640625 0.025 0.0375
2 0.5046875 0.84453125 0.021875 0.0359375
6 0.48046875 0.34375 0.0203125 0.03125
6 0.546875 0.21328125 0.02734375 0.04140625
6 0.45546875 0.296875 0.025 0.03984375
6 0.76796875 0.44453125 0.0234375 0.03984375
6 0.6359375 0.4359375 0.0265625 0.04453125
6 0.49296875 0.365625 0.021875 0.03828125
6 0.47109375 0.3625 0.0203125 0.03125
1 0.4734375 0.49921875 0.02421875 0.03828125
6 0.78515625 0.16328125 0.025 0.03125
0 0.621875 0.1640625 0.02734375 0.03515625
6 0.48515625 0.2671875 0.0265625 0.04375
4 0.50390625 0.415625 0.025 0.04140625