8 0.4046875 0.15625 0.02109375 0.0328125
2 0.50625 0.1578125 0.02109375 0.03203125
3 0.6046875 0.1578125 0.021875 0.03359375
1 0.50625 0.36640625 0.02421875 0.03828125
6 0.3734375 0.81640625 0.02890625 0.04296875
0 0.50390625 0.75390625 0.028125 0.0484375
7 0.44453125 0.61953125 0.0234375 0.040625
6 0.50390625 0.58828125 0.0234375 0.01875
6 0.565625 0.60625 0.02421875 0.03828125
6 0.5171875 0.6375 0.02421875 0.0375
6 0.49453125 0.60234375 0.0234375 0.0171875
6 0.47265625 0.6375 0.025 0.03671875
6 0.4828125 0.615625 0.0265625 0.01953125
6 0.51953125 0.60703125 0.02265625 0.0265625
6 0.50546875 0.615625 0.02578125 0.0171875
4 0.5046875 0.56796875 0.025 0.0171875
6 0.49453125 0.63515625 0.025 0.03203125