8 0.40546875 0.15546875 0.02265625 0.0328125
3 0.60546875 0.15625 0.01796875 0.0296875
1 0.5046875 0.36640625 0.0234375 0.0375
6 0.4640625 0.65 0.021875 0.02890625
6 0.46015625 0.62421875 0.02265625 0.03125
4 0.50625 0.5640625 0.02421875 0.0234375
0 0.46171875 0.825 0.025 0.04296875
7 0.74609375 0.81015625 0.0328125 0.046875
6 0.540625 0.6375 0.02265625 0.03671875
6 0.43203125 0.634375 0.02578125 0.04140625
6 0.46015625 0.67109375 0.025 0.03984375
6 0.409375 0.61796875 0.028125 0.0390625
6 0.49296875 0.646875 0.0234375 0.034375
6 0.5453125 0.68046875 0.02421875 0.034375
6 0.44453125 0.590625 0.021875 0.03671875
6 0.5015625 0.6234375 0.025 0.02578125
6 0.5828125 0.63203125 0.025 0.034375
6 0.51171875 0.60078125 0.028125 0.0203125
6 0.50625 0.58515625 0.0265625 0.015625
6 0.5109375 0.684375 0.025 0.03359375
2 0.51328125 0.1515625 0.01875 0.02734375
6 0.53046875 0.625 0.02265625 0.02578125