8 0.59609375 0.15546875 0.02109375 0.0296875
2 0.49453125 0.15546875 0.0203125 0.0296875
3 0.39453125 0.15546875 0.0203125 0.02890625
1 0.4953125 0.36640625 0.02109375 0.03984375
4 0.49453125 0.57109375 0.02265625 0.02890625
0 0.4953125 0.7515625 0.0265625 0.0359375
4 0.453125 0.4265625 0.0234375 0.034375
7 0.28359375 0.18671875 0.0203125 0.0390625
6 0.15 0.49453125 0.02578125 0.0390625
6 0.35625 0.65625 0.0234375 0.0453125
6 0.459375 0.72109375 0.02578125 0.0375
6 0.425 0.65390625 0.02578125 0.0375
6 0.40546875 0.60703125 0.028125 0.034375
6 0.52421875 0.66015625 0.0234375 0.0375