2 0.49375 0.15625 0.02265625 0.028125
3 0.39453125 0.15546875 0.02265625 0.034375
0 0.49609375 0.74765625 0.02109375 0.034375
8 0.5953125 0.15703125 0.021875 0.03359375
7 0.29296875 0.1546875 0.0203125 0.0328125
1 0.49296875 0.3671875 0.02109375 0.0296875
4 0.49609375 0.58359375 0.02265625 0.03203125
6 0.85625 0.590625 0.0203125 0.0328125
6 0.63359375 0.67890625 0.02578125 0.03984375
6 0.61328125 0.5875 0.02421875 0.03515625
6 0.55234375 0.59765625 0.02265625 0.03359375
6 0.4796875 0.69375 0.02109375 0.0328125
6 0.4953125 0.54921875 0.02421875 0.040625
6 0.46953125 0.57109375 0.021875 0.0328125