8 0.5953125 0.84375 0.0234375 0.02890625
2 0.49453125 0.846875 0.01875 0.03203125
3 0.3453125 0.8953125 0.0234375 0.03359375
4 0.48359375 0.41953125 0.02578125 0.0390625
6 0.35625 0.434375 0.02578125 0.040625
6 0.50703125 0.36640625 0.02109375 0.0375
6 0.52890625 0.359375 0.021875 0.0390625
6 0.51875 0.34296875 0.0234375 0.03046875
0 0.5765625 0.16328125 0.02890625 0.03203125
1 0.49609375 0.634375 0.02421875 0.03203125
6 0.215625 0.1640625 0.025 0.03125
6 0.3375 0.3421875 0.021875 0.0421875
6 0.5296875 0.73203125 0.02421875 0.03671875
7 0.62109375 0.33359375 0.03046875 0.03671875
6 0.81328125 0.45078125 0.02265625 0.0421875
6 0.68671875 0.184375 0.02890625 0.040625
6 0.453125 0.84296875 0.021875 0.0375
6 0.42265625 0.378125 0.02421875 0.0375
6 0.4171875 0.21796875 0.021875 0.04375
6 0.3390625 0.1953125 0.02890625 0.0421875