8 0.5953125 0.15625 0.02109375 0.0328125
2 0.49375 0.1578125 0.02109375 0.03203125
3 0.39296875 0.1578125 0.021875 0.03359375
6 0.38359375 0.61328125 0.02421875 0.0390625
6 0.45390625 0.67890625 0.0265625 0.040625
6 0.43359375 0.60625 0.02578125 0.03984375
6 0.52890625 0.63828125 0.02421875 0.0359375
0 0.49609375 0.7515625 0.0265625 0.0453125
6 0.27109375 0.66875 0.0265625 0.04296875
6 0.62578125 0.815625 0.0234375 0.03828125
6 0.4828125 0.75625 0.02734375 0.03828125
4 0.4953125 0.56875 0.02421875 0.02578125
6 0.52421875 0.6875 0.0234375 0.03828125
6 0.503125 0.67734375 0.021875 0.03984375
1 0.49375 0.36328125 0.02421875 0.03828125
6 0.50546875 0.6375 0.02109375 0.0328125
6 0.4828125 0.63828125 0.02265625 0.03515625
6 0.5171875 0.61484375 0.0234375 0.015625
6 0.49296875 0.6140625 0.02734375 0.015625
6 0.5046875 0.60234375 0.028125 0.01328125
6 0.48125 0.60625 0.02109375 0.02421875
6 0.49609375 0.58828125 0.02421875 0.01328125