8 0.59609375 0.15546875 0.02109375 0.0296875
2 0.49453125 0.15546875 0.0203125 0.0296875
3 0.39453125 0.15546875 0.0203125 0.02890625
1 0.4953125 0.36640625 0.02109375 0.03984375
6 0.825 0.6421875 0.02265625 0.0375
6 0.69453125 0.41875 0.0265625 0.0375
6 0.15 0.4890625 0.025 0.034375
6 0.3546875 0.6578125 0.02265625 0.04453125
6 0.40625 0.60703125 0.02578125 0.0359375
6 0.425 0.65234375 0.02421875 0.0375
6 0.459375 0.71953125 0.025 0.04453125
6 0.50703125 0.57421875 0.02421875 0.0390625
6 0.53125 0.609375 0.025 0.03203125
6 0.51640625 0.6265625 0.021875 0.03203125
6 0.5 0.615625 0.0265625 0.03359375
6 0.50234375 0.640625 0.01953125 0.03046875
6 0.4921875 0.6546875 0.02109375 0.0359375
6 0.5234375 0.6609375 0.02265625 0.040625
0 0.4953125 0.7484375 0.028125 0.0359375
4 0.45234375 0.42265625 0.02421875 0.0390625
7 0.28828125 0.18828125 0.021875 0.03046875