8 0.40546875 0.15546875 0.02265625 0.0328125
3 0.60546875 0.15625 0.01796875 0.0296875
1 0.5046875 0.36640625 0.0234375 0.0375
6 0.4546875 0.65703125 0.021875 0.02890625
6 0.44765625 0.628125 0.02265625 0.03125
4 0.50625 0.5640625 0.02421875 0.0234375
0 0.46171875 0.825 0.025 0.04296875
7 0.5640625 0.11953125 0.02265625 0.03359375
6 0.540625 0.6375 0.02265625 0.03671875
6 0.41171875 0.63671875 0.0234375 0.03515625
6 0.44453125 0.67890625 0.025 0.03984375
6 0.4078125 0.6140625 0.02578125 0.03046875
6 0.48125 0.653125 0.0234375 0.034375
6 0.56875 0.72734375 0.02421875 0.034375
6 0.35859375 0.56328125 0.021875 0.03671875
6 0.5015625 0.6234375 0.025 0.02578125
6 0.61796875 0.6484375 0.025 0.034375
6 0.51171875 0.60078125 0.028125 0.0203125
6 0.50625 0.58515625 0.0265625 0.015625
6 0.528125 0.7375 0.025 0.03359375
2 0.51328125 0.1515625 0.01875 0.02734375
6 0.53046875 0.625 0.02265625 0.02578125