8 0.40390625 0.84609375 0.021875 0.0328125
2 0.50625 0.84296875 0.02109375 0.02890625
3 0.6046875 0.84296875 0.0203125 0.0328125
1 0.50546875 0.6359375 0.0234375 0.03359375
7 0.503125 0.93046875 0.02265625 0.03203125
0 0.50546875 0.25234375 0.025 0.0359375
4 0.50546875 0.41484375 0.0265625 0.03828125
6 0.14609375 0.4078125 0.02578125 0.03359375
6 0.6 0.4 0.025 0.0375
6 0.365625 0.32265625 0.0265625 0.03828125
6 0.3890625 0.41015625 0.02265625 0.0375
6 0.44921875 0.403125 0.0265625 0.0375
6 0.50546875 0.45234375 0.0234375 0.03359375
6 0.53125 0.428125 0.0234375 0.03671875