8 0.5953125 0.84375 0.02109375 0.0328125
2 0.49375 0.8421875 0.02109375 0.03203125
3 0.39296875 0.8421875 0.021875 0.03359375
7 0.6453125 0.43984375 0.028125 0.04453125
6 0.5375 0.36796875 0.025 0.03671875
6 0.53203125 0.39140625 0.02578125 0.0328125
6 0.50703125 0.384375 0.0265625 0.03515625
1 0.2921875 0.94609375 0.02421875 0.03828125
6 0.84375 0.309375 0.0265625 0.04296875
6 0.84921875 0.4640625 0.0234375 0.03828125
4 0.4953125 0.4171875 0.02890625 0.03828125
6 0.5703125 0.55 0.02578125 0.03828125
6 0.7625 0.35234375 0.025 0.04140625