8 0.403125 0.15546875 0.02109375 0.03203125
7 0.61328125 0.515625 0.02265625 0.040625
2 0.50546875 0.15625 0.0203125 0.03203125
3 0.60390625 0.16015625 0.0203125 0.03046875
1 0.50625 0.3640625 0.0234375 0.0328125
6 0.3890625 0.59140625 0.0265625 0.0421875
6 0.45078125 0.6 0.02578125 0.03828125
6 0.50546875 0.5546875 0.02578125 0.0375
6 0.5328125 0.57109375 0.02421875 0.03828125
6 0.49375 0.6390625 0.02265625 0.03125
6 0.41484375 0.63203125 0.02421875 0.034375
0 0.5046875 0.7515625 0.025 0.04609375
6 0.51796875 0.63828125 0.0203125 0.02890625