8 0.67265625 0.88203125 0.02109375 0.03203125
2 0.49453125 0.84375 0.0203125 0.03203125
1 0.47734375 0.61328125 0.0234375 0.0328125
6 0.61796875 0.4296875 0.0234375 0.0328125
6 0.41640625 0.3859375 0.02578125 0.0375
6 0.49453125 0.31640625 0.02109375 0.03515625
6 0.46796875 0.33671875 0.02421875 0.03828125
6 0.35703125 0.4671875 0.0203125 0.0359375
6 0.51171875 0.37421875 0.021875 0.025
6 0.50625 0.39765625 0.02578125 0.02578125
6 0.184375 0.39296875 0.0265625 0.0375
6 0.53671875 0.5078125 0.02421875 0.034375
4 0.1578125 0.4296875 0.02421875 0.03984375
6 0.48984375 0.3515625 0.025 0.0265625
6 0.13984375 0.37421875 0.0234375 0.034375
0 0.49609375 0.24921875 0.02578125 0.03984375
7 0.5078125 0.7 0.025 0.03828125