8 0.5953125 0.15390625 0.02109375 0.03046875
2 0.48515625 0.15390625 0.01796875 0.0296875
3 0.39296875 0.15625 0.025 0.03046875
1 0.4953125 0.3671875 0.0203125 0.03359375
6 0.69296875 0.74140625 0.02421875 0.03984375
0 0.5734375 0.8375 0.025 0.03046875
4 0.48671875 0.56328125 0.025 0.02734375
7 0.69765625 0.6140625 0.02578125 0.0421875
6 0.6859375 0.815625 0.0265625 0.04375
6 0.5875 0.58671875 0.0234375 0.03671875
6 0.59609375 0.5578125 0.025 0.03515625
6 0.49609375 0.628125 0.02421875 0.040625
6 0.41484375 0.7828125 0.02578125 0.04140625
6 0.5203125 0.6546875 0.025 0.03671875
6 0.50390625 0.8375 0.0265625 0.0296875
6 0.54921875 0.65859375 0.0265625 0.03984375
6 0.52734375 0.63203125 0.025 0.021875
6 0.4296875 0.725 0.02421875 0.03984375
6 0.48515625 0.6078125 0.0234375 0.02734375
6 0.51484375 0.57265625 0.021875 0.03359375
6 0.475 0.61796875 0.0234375 0.0328125
6 0.47734375 0.58671875 0.02421875 0.02421875