8 0.596875 0.84453125 0.02109375 0.03203125
7 0.38671875 0.484375 0.02265625 0.040625
2 0.49453125 0.84375 0.0203125 0.03203125
3 0.39609375 0.83984375 0.0203125 0.03046875
1 0.49375 0.6359375 0.0234375 0.0328125
6 0.6109375 0.40859375 0.0265625 0.0421875
6 0.54921875 0.4 0.02578125 0.03828125
6 0.49453125 0.4453125 0.02578125 0.0375
6 0.4671875 0.42890625 0.02421875 0.03828125
6 0.50625 0.3609375 0.02265625 0.03125
6 0.58515625 0.36796875 0.02421875 0.034375
0 0.4953125 0.2484375 0.025 0.04609375
6 0.48203125 0.36171875 0.0203125 0.02890625