8 0.4046875 0.84375 0.02109375 0.0328125
2 0.50625 0.8421875 0.02109375 0.03203125
3 0.6046875 0.8421875 0.021875 0.03359375
6 0.353125 0.18359375 0.02890625 0.04296875
7 0.73671875 0.36875 0.02578125 0.04140625
6 0.30546875 0.58125 0.025 0.0359375
6 0.41171875 0.34375 0.025 0.03671875
6 0.50703125 0.3609375 0.02265625 0.0359375
6 0.33671875 0.26640625 0.0296875 0.0390625
6 0.4625 0.36796875 0.025 0.03671875
6 0.46796875 0.39140625 0.02578125 0.0328125
6 0.353125 0.28359375 0.025 0.034375
4 0.54765625 0.57890625 0.0296875 0.04375
6 0.4984375 0.3875 0.02421875 0.03046875
6 0.5203125 0.22109375 0.02578125 0.04296875
1 0.71953125 0.95625 0.02421875 0.03828125
0 0.33515625 0.20703125 0.02734375 0.0421875