8 0.5953125 0.84375 0.02109375 0.0328125
2 0.49375 0.8421875 0.02109375 0.03203125
3 0.39296875 0.8421875 0.021875 0.03359375
7 0.31796875 0.328125 0.02734375 0.04453125
6 0.5046875 0.36328125 0.021875 0.0296875
6 0.52890625 0.359375 0.025 0.03671875
6 0.515625 0.38515625 0.02890625 0.01953125
6 0.49453125 0.38359375 0.0265625 0.01796875
1 0.49375 0.63515625 0.02421875 0.03828125
0 0.49765625 0.2484375 0.0265625 0.0453125
6 0.48203125 0.39453125 0.02421875 0.02734375
6 0.496875 0.41328125 0.0234375 0.01796875
6 0.62421875 0.18515625 0.02734375 0.04296875
4 0.496875 0.3484375 0.02421875 0.03515625
6 0.48203125 0.36015625 0.02265625 0.03828125
6 0.50390625 0.39921875 0.02265625 0.01484375