2 0.49453125 0.84453125 0.01953125 0.03125
3 0.39609375 0.84453125 0.0203125 0.03203125
6 0.63125 0.575 0.02734375 0.04296875
4 0.49296875 0.42421875 0.025 0.02265625
8 0.5953125 0.84375 0.01953125 0.03046875
7 0.3328125 0.9640625 0.02265625 0.03515625
0 0.4953125 0.24921875 0.0265625 0.040625
1 0.49609375 0.634375 0.0234375 0.0359375
6 0.47265625 0.31796875 0.02734375 0.03515625
6 0.52421875 0.340625 0.0234375 0.0328125
6 0.49375 0.3484375 0.021875 0.0328125
6 0.47109375 0.34921875 0.02578125 0.0328125
6 0.52734375 0.36796875 0.025 0.0265625
6 0.50546875 0.36484375 0.02109375 0.028125
6 0.4828125 0.3625 0.021875 0.0296875
6 0.45859375 0.365625 0.025 0.0234375
6 0.5171875 0.38515625 0.0234375 0.01640625
6 0.49375 0.384375 0.025 0.0140625
6 0.4703125 0.38359375 0.0234375 0.01328125
6 0.50546875 0.3984375 0.02265625 0.0125
6 0.48203125 0.39765625 0.02421875 0.0140625
6 0.49453125 0.4109375 0.02421875 0.01171875