8 0.40390625 0.15703125 0.0203125 0.03203125
2 0.50546875 0.1546875 0.01875 0.0328125
3 0.60390625 0.15859375 0.0203125 0.03046875
1 0.5046875 0.36484375 0.021875 0.03671875
4 0.50625 0.575 0.021875 0.03359375
6 0.56640625 0.60703125 0.02578125 0.04140625
6 0.51796875 0.60703125 0.02421875 0.03125
6 0.375 0.815625 0.025 0.0375
6 0.45234375 0.6515625 0.02265625 0.0390625
6 0.4734375 0.6375 0.021875 0.0359375
6 0.48359375 0.61875 0.01953125 0.02421875
6 0.51640625 0.6375 0.0203125 0.03125
6 0.49375 0.6390625 0.021875 0.03359375
7 0.3296875 0.6078125 0.0296875 0.0484375
6 0.49609375 0.6015625 0.02109375 0.015625
6 0.50625 0.61640625 0.02109375 0.0140625