3 0.39375 0.15703125 0.02265625 0.0328125
2 0.49296875 0.15625 0.0203125 0.03046875
8 0.59609375 0.15546875 0.0234375 0.03203125
0 0.5203125 0.721875 0.025 0.03515625
4 0.49375 0.58046875 0.02421875 0.0390625
6 0.5890625 0.65390625 0.025 0.04140625
6 0.49296875 0.63828125 0.02421875 0.0375
6 0.503125 0.61171875 0.02421875 0.034375
6 0.53125 0.60859375 0.021875 0.03515625
6 0.5375 0.63046875 0.02265625 0.0328125
6 0.825 0.64375 0.025 0.0375
6 0.84609375 0.53671875 0.0265625 0.0375
1 0.28984375 0.05546875 0.021875 0.02734375
6 0.57109375 0.4515625 0.0234375 0.03515625
7 0.4859375 0.778125 0.02421875 0.0453125
6 0.50859375 0.75546875 0.0234375 0.0390625