8 0.596875 0.1546875 0.02109375 0.03203125
7 0.38515625 0.51171875 0.02265625 0.040625
2 0.49453125 0.15625 0.0203125 0.03203125
3 0.3953125 0.15859375 0.0203125 0.03046875
1 0.49375 0.36484375 0.0234375 0.0328125
6 0.6109375 0.58828125 0.0265625 0.0421875
6 0.58359375 0.6390625 0.02578125 0.03828125
6 0.5515625 0.59765625 0.02578125 0.0375
6 0.48203125 0.6390625 0.021875 0.0390625
6 0.4671875 0.57421875 0.02421875 0.03828125
6 0.50546875 0.63984375 0.02421875 0.0359375
6 0.49296875 0.55 0.02421875 0.034375
0 0.4953125 0.7515625 0.025 0.04609375