1 0.50625 0.36484375 0.02109375 0.03046875
3 0.60546875 0.15625 0.0234375 0.03203125
2 0.50546875 0.1546875 0.02265625 0.03359375
8 0.40390625 0.15390625 0.02109375 0.0328125
6 0.40234375 0.5953125 0.025 0.0359375
7 0.51171875 0.60390625 0.025 0.0375
6 0.41640625 0.63671875 0.028125 0.0390625
6 0.49375 0.6359375 0.025 0.03828125
6 0.46015625 0.603125 0.02421875 0.0359375
4 0.47109375 0.68359375 0.0265625 0.0375
6 0.47734375 0.578125 0.025 0.03515625
6 0.51796875 0.63828125 0.021875 0.0359375
6 0.5078125 0.55234375 0.02421875 0.0328125
6 0.53046875 0.575 0.02578125 0.0375