2 0.50625 0.84375 0.02265625 0.028125
8 0.32578125 0.88359375 0.02109375 0.034375
1 0.5234375 0.6125 0.01875 0.0359375
4 0.84140625 0.43125 0.02578125 0.034375
6 0.81171875 0.39453125 0.0234375 0.0390625
6 0.86015625 0.375 0.028125 0.0359375
3 0.60546875 0.84453125 0.02265625 0.034375
6 0.64296875 0.46953125 0.02578125 0.0359375
6 0.5828125 0.384375 0.0265625 0.04375
6 0.51015625 0.35078125 0.0203125 0.0390625
6 0.5328125 0.33671875 0.01953125 0.04296875
6 0.46171875 0.51171875 0.02265625 0.03984375
6 0.49375 0.3953125 0.02578125 0.03046875
6 0.48828125 0.365625 0.02265625 0.0328125
6 0.5046875 0.3140625 0.02421875 0.03828125
7 0.39765625 0.290625 0.02734375 0.04375