8 0.40390625 0.15546875 0.02109375 0.0296875
2 0.50546875 0.15546875 0.0203125 0.0296875
3 0.60546875 0.15546875 0.0203125 0.02890625
4 0.546875 0.4265625 0.0234375 0.034375
6 0.17265625 0.64140625 0.0265625 0.040625
6 0.3046875 0.4203125 0.02265625 0.028125
6 0.3375 0.73046875 0.02578125 0.0375
6 0.15078125 0.5359375 0.021875 0.03828125
6 0.409375 0.65 0.02265625 0.03828125
6 0.46484375 0.63203125 0.02421875 0.03359375
6 0.46796875 0.60703125 0.02421875 0.03203125
6 0.4984375 0.6125 0.021875 0.03359375
6 0.50625 0.63828125 0.021875 0.03984375
6 0.52109375 0.778125 0.02109375 0.03984375
6 0.3515625 0.71796875 0.02265625 0.03671875
1 0.5046875 0.3671875 0.02109375 0.0375
6 0.49296875 0.5734375 0.02421875 0.03671875
7 0.36796875 0.57421875 0.028125 0.0421875
6 0.353125 0.81640625 0.0265625 0.04921875
0 0.33515625 0.78828125 0.0265625 0.03828125