3 0.60703125 0.15625 0.021875 0.03671875
2 0.50546875 0.15703125 0.02109375 0.02578125
8 0.40390625 0.15546875 0.021875 0.03203125
0 0.5046875 0.75 0.02421875 0.040625
1 0.50625 0.365625 0.01953125 0.0328125
7 0.60859375 0.6046875 0.02421875 0.040625
4 0.46953125 0.6859375 0.02578125 0.03828125
6 0.390625 0.5890625 0.0234375 0.03515625
6 0.415625 0.63046875 0.025 0.040625
6 0.44921875 0.5953125 0.02890625 0.03515625
6 0.49453125 0.6359375 0.021875 0.03515625
6 0.51796875 0.6375 0.02421875 0.0328125
6 0.50546875 0.54765625 0.02421875 0.03125
6 0.5328125 0.57421875 0.0234375 0.034375