4 0.49140625 0.57578125 0.02109375 0.02734375
6 0.52421875 0.6 0.0203125 0.03203125
6 0.5203125 0.62109375 0.01953125 0.03203125
6 0.50546875 0.64609375 0.02109375 0.03515625
6 0.49296875 0.6171875 0.02265625 0.0328125
6 0.49453125 0.59453125 0.0203125 0.01640625
6 0.47265625 0.60703125 0.02109375 0.0296875
6 0.48125 0.63828125 0.021875 0.0328125
1 0.49375 0.365625 0.02109375 0.03671875
6 0.43359375 0.25390625 0.021875 0.03671875
3 0.39609375 0.15546875 0.02109375 0.0328125
8 0.596875 0.1546875 0.0203125 0.0296875
2 0.46171875 0.0984375 0.021875 0.03046875
6 0.14453125 0.65859375 0.02421875 0.04140625
7 0.4171875 0.50078125 0.0234375 0.03671875
0 0.49296875 0.74765625 0.0265625 0.0375
6 0.80859375 0.4421875 0.02265625 0.04453125