6 0.51875 0.36328125 0.0234375 0.034375
6 0.50625 0.3859375 0.02109375 0.0171875
6 0.52734375 0.3921875 0.0203125 0.0328125
1 0.50546875 0.63359375 0.02265625 0.03515625
3 0.6046875 0.8453125 0.021875 0.02890625
8 0.403125 0.8453125 0.01953125 0.03203125
6 0.50703125 0.409375 0.01796875 0.0234375
2 0.53828125 0.90234375 0.02109375 0.028125
4 0.5046875 0.4328125 0.0234375 0.0203125
6 0.49609375 0.36328125 0.02109375 0.034375
6 0.8546875 0.33984375 0.02421875 0.04140625
6 0.56640625 0.74453125 0.025 0.03515625
6 0.553125 0.346875 0.0265625 0.03828125
7 0.76015625 0.34765625 0.02734375 0.0375