2 0.50546875 0.153125 0.01875 0.03203125
1 0.50390625 0.365625 0.02421875 0.03203125
7 0.2484375 0.1609375 0.01875 0.03671875
3 0.60546875 0.15703125 0.021875 0.03359375
8 0.18984375 0.39140625 0.025 0.0359375
6 0.14453125 0.5921875 0.02734375 0.04296875
6 0.36640625 0.678125 0.02578125 0.040625
6 0.38984375 0.58828125 0.0265625 0.0359375
6 0.44921875 0.5953125 0.0265625 0.03046875
6 0.50390625 0.54765625 0.021875 0.03203125
6 0.53125 0.571875 0.02265625 0.03359375
4 0.5046875 0.584375 0.02265625 0.03359375
0 0.5046875 0.74921875 0.02421875 0.0390625