8 0.5953125 0.15625 0.02109375 0.0328125
2 0.49375 0.1578125 0.02109375 0.03203125
3 0.39296875 0.1578125 0.021875 0.03359375
7 0.4609375 0.63828125 0.028125 0.04453125
6 0.5375 0.63203125 0.025 0.03671875
6 0.53359375 0.61640625 0.021875 0.0328125
6 0.5046875 0.6359375 0.025 0.028125
4 0.5046875 0.6578125 0.02890625 0.0390625
1 0.49453125 0.36484375 0.02421875 0.03828125
6 0.4828125 0.63828125 0.01953125 0.0328125
6 0.51015625 0.60234375 0.0234375 0.03203125
6 0.484375 0.6140625 0.0234375 0.01640625
6 0.478125 0.60078125 0.0234375 0.02421875
6 0.49453125 0.5875 0.025 0.03125