3 0.60390625 0.84453125 0.02109375 0.0328125
2 0.5375 0.903125 0.01796875 0.028125
6 0.4265625 0.41328125 0.025 0.03359375
4 0.51015625 0.4328125 0.02578125 0.02734375
6 0.509375 0.40859375 0.0234375 0.02578125
6 0.4921875 0.396875 0.0234375 0.034375
6 0.65859375 0.4453125 0.0234375 0.0359375
6 0.15859375 0.40234375 0.02109375 0.034375
6 0.5671875 0.74609375 0.0234375 0.03125
8 0.40390625 0.846875 0.02109375 0.03046875
0 0.50390625 0.25078125 0.0265625 0.04296875
6 0.85546875 0.34453125 0.02578125 0.0375
7 0.46796875 0.7453125 0.025 0.034375