2 0.5046875 0.15625 0.0203125 0.03046875
1 0.50703125 0.365625 0.0203125 0.03125
0 0.50390625 0.7484375 0.0265625 0.03359375
8 0.40546875 0.1546875 0.01796875 0.02890625
3 0.60546875 0.15859375 0.02109375 0.02890625
7 0.671875 0.53203125 0.0234375 0.03515625
6 0.53046875 0.57265625 0.02578125 0.0390625
6 0.5046875 0.55078125 0.02265625 0.0328125
6 0.51796875 0.63828125 0.0234375 0.03828125
6 0.49453125 0.63828125 0.02578125 0.03828125
6 0.44765625 0.59609375 0.02578125 0.03984375
6 0.41640625 0.63515625 0.025 0.0359375
6 0.3875 0.5890625 0.025 0.0359375