1 0.49453125 0.365625 0.021875 0.034375
3 0.39453125 0.15625 0.0234375 0.03203125
2 0.49453125 0.1546875 0.02265625 0.03359375
8 0.59609375 0.15390625 0.02109375 0.0328125
7 0.4609375 0.41875 0.025 0.0421875
0 0.49609375 0.75 0.0265625 0.04140625
4 0.49453125 0.57734375 0.025 0.021875
6 0.603125 0.66953125 0.02734375 0.03828125
6 0.51640625 0.6625 0.025 0.034375
6 0.321875 0.65546875 0.02578125 0.0390625
6 0.49375 0.64921875 0.02421875 0.03125
6 0.459375 0.65390625 0.02265625 0.034375
6 0.528125 0.63515625 0.02890625 0.03125
6 0.503125 0.63203125 0.02265625 0.025
6 0.48046875 0.63671875 0.0203125 0.0296875
6 0.459375 0.634375 0.01953125 0.02734375
6 0.515625 0.61484375 0.02265625 0.0140625
6 0.4921875 0.615625 0.02421875 0.01328125
6 0.4703125 0.61484375 0.025 0.01328125
6 0.50625 0.60390625 0.02421875 0.0125
6 0.48359375 0.60234375 0.021875 0.0125
6 0.49453125 0.590625 0.0265625 0.0125