8 0.32734375 0.88203125 0.02109375 0.03203125
2 0.50546875 0.84375 0.0203125 0.03203125
1 0.52265625 0.61328125 0.0234375 0.0328125
6 0.38203125 0.42890625 0.0265625 0.0421875
6 0.58359375 0.3859375 0.02578125 0.0375
6 0.50546875 0.31640625 0.02109375 0.03515625
6 0.53203125 0.33671875 0.02421875 0.03828125
6 0.64296875 0.4671875 0.0203125 0.0359375
6 0.48828125 0.37421875 0.021875 0.025
6 0.49375 0.39765625 0.02578125 0.02578125
6 0.815625 0.39296875 0.0265625 0.0375
6 0.46328125 0.5078125 0.02421875 0.034375
4 0.8421875 0.4296875 0.02421875 0.03984375
6 0.51015625 0.3515625 0.025 0.0265625
7 0.42265625 0.54609375 0.025 0.03828125
3 0.60546875 0.84296875 0.01875 0.0265625
6 0.86015625 0.37421875 0.0234375 0.034375
0 0.50390625 0.24921875 0.02578125 0.03984375