8 0.59609375 0.84609375 0.0203125 0.02890625
2 0.49453125 0.84296875 0.0203125 0.02890625
1 0.49609375 0.63515625 0.02109375 0.03046875
7 0.1828125 0.53046875 0.02578125 0.0421875
0 0.49453125 0.2484375 0.025 0.03984375
6 0.55859375 0.2515625 0.02734375 0.0390625
6 0.46484375 0.19609375 0.02421875 0.040625
6 0.46640625 0.34453125 0.021875 0.034375
6 0.45546875 0.3625 0.021875 0.0359375
4 0.49375 0.428125 0.02421875 0.01875
6 0.52890625 0.36328125 0.0234375 0.034375
6 0.50625 0.3640625 0.02109375 0.03359375
6 0.48203125 0.36171875 0.02265625 0.03515625
6 0.5171875 0.38515625 0.021875 0.0140625
6 0.49375 0.3859375 0.02421875 0.01328125
6 0.50625 0.3984375 0.0234375 0.01484375
6 0.48203125 0.39375 0.02109375 0.02578125
6 0.4984375 0.41484375 0.028125 0.015625
3 0.7484375 0.9265625 0.01796875 0.028125