7 0.5421875 0.61015625 0.02578125 0.03671875
6 0.14375 0.65703125 0.02421875 0.040625
8 0.59609375 0.15390625 0.02109375 0.03203125
2 0.4609375 0.09609375 0.01953125 0.03125
3 0.39609375 0.15546875 0.0203125 0.03203125
6 0.43359375 0.25390625 0.02265625 0.03359375
1 0.49609375 0.3640625 0.02265625 0.03515625
6 0.67265625 0.61015625 0.0234375 0.03828125
6 0.53984375 0.65703125 0.0234375 0.03515625
6 0.509375 0.60390625 0.02109375 0.03125
6 0.425 0.575 0.02265625 0.03203125
6 0.39921875 0.584375 0.02734375 0.03671875
6 0.490625 0.58984375 0.02578125 0.0328125
6 0.56484375 0.58984375 0.0234375 0.03359375
4 0.490625 0.5671875 0.025 0.02265625