8 0.40390625 0.15546875 0.0203125 0.03125
7 0.5828125 0.5140625 0.028125 0.03984375
2 0.53828125 0.1 0.0203125 0.03125
3 0.6046875 0.15859375 0.02421875 0.0328125
1 0.50546875 0.365625 0.02265625 0.0359375
6 0.49453125 0.64375 0.02109375 0.034375
6 0.51875 0.6421875 0.02421875 0.03828125
6 0.56875 0.25625 0.0265625 0.034375
6 0.50625 0.6171875 0.0234375 0.028125
6 0.52265625 0.6109375 0.0234375 0.034375
6 0.48046875 0.62109375 0.02109375 0.03046875
6 0.50703125 0.59140625 0.0234375 0.02734375
4 0.50859375 0.571875 0.025 0.01953125
6 0.85625 0.659375 0.025 0.034375
6 0.1609375 0.45625 0.02421875 0.03203125
6 0.47421875 0.5984375 0.02578125 0.028125
0 0.50625 0.75 0.02578125 0.04375