3 0.60546875 0.15546875 0.02265625 0.034375
8 0.4046875 0.15625 0.01953125 0.03203125
1 0.50546875 0.36484375 0.021875 0.0265625
4 0.50625 0.5859375 0.025 0.03671875
7 0.54921875 0.140625 0.01953125 0.02890625
2 0.50546875 0.15390625 0.01953125 0.02890625
6 0.14375 0.5921875 0.0265625 0.034375
0 0.50390625 0.74765625 0.025 0.0375
6 0.36484375 0.678125 0.02265625 0.0390625
6 0.3890625 0.58984375 0.021875 0.040625
6 0.45 0.596875 0.02265625 0.034375
6 0.55390625 0.62109375 0.01953125 0.040625
6 0.50546875 0.54765625 0.025 0.02890625
6 0.5296875 0.57109375 0.0234375 0.0375