8 0.40390625 0.84453125 0.02109375 0.0296875
2 0.50546875 0.84453125 0.0203125 0.0296875
3 0.60546875 0.84453125 0.0203125 0.02890625
1 0.50546875 0.634375 0.0203125 0.03046875
7 0.47265625 0.4578125 0.02421875 0.034375
6 0.565625 0.39375 0.02265625 0.03828125
6 0.47265625 0.36171875 0.02421875 0.03359375
6 0.49609375 0.36171875 0.0234375 0.034375
6 0.51796875 0.3609375 0.021875 0.03359375
6 0.48203125 0.384375 0.025 0.0203125
6 0.50625 0.384375 0.02734375 0.0171875
6 0.4953125 0.39609375 0.0234375 0.0265625
6 0.51875 0.39140625 0.02421875 0.034375
6 0.50390625 0.41015625 0.021875 0.0203125
6 0.375 0.1859375 0.02578125 0.0359375
0 0.50234375 0.25078125 0.028125 0.04296875