2 0.50625 0.84375 0.02265625 0.028125
3 0.60546875 0.84453125 0.02265625 0.034375
8 0.403125 0.84296875 0.02265625 0.0296875
1 0.50625 0.6359375 0.01953125 0.025
0 0.5046875 0.2515625 0.02421875 0.03984375
7 0.51328125 0.1671875 0.03125 0.0328125
4 0.50390625 0.42890625 0.0265625 0.02734375
6 0.565625 0.39609375 0.021875 0.03828125
6 0.6171875 0.38828125 0.02265625 0.03203125
6 0.546875 0.3234375 0.02265625 0.0328125
6 0.37421875 0.18671875 0.025 0.0359375
6 0.47578125 0.31484375 0.025 0.03203125
6 0.4953125 0.3265625 0.02421875 0.03203125
6 0.46953125 0.36484375 0.0234375 0.0328125
6 0.49296875 0.365625 0.02578125 0.03203125
6 0.51640625 0.36171875 0.02109375 0.0359375
6 0.51875 0.38984375 0.02578125 0.03515625
6 0.503125 0.40703125 0.02265625 0.02265625
6 0.4828125 0.384375 0.01953125 0.01953125