8 0.40390625 0.15546875 0.02109375 0.0296875
2 0.50546875 0.15546875 0.0203125 0.0296875
3 0.60546875 0.15546875 0.0203125 0.02890625
1 0.5046875 0.36640625 0.0203125 0.034375
4 0.503125 0.57265625 0.021875 0.021875
0 0.503125 0.746875 0.02578125 0.03359375
6 0.3734375 0.81484375 0.02578125 0.0390625
6 0.72890625 0.6640625 0.021875 0.0328125
6 0.615625 0.6109375 0.0234375 0.03515625
6 0.565625 0.6046875 0.021875 0.0359375
6 0.5453125 0.67578125 0.02421875 0.0328125
6 0.496875 0.67734375 0.0203125 0.03828125
6 0.47578125 0.6875 0.021875 0.0390625
6 0.471875 0.63515625 0.02421875 0.03203125
6 0.49375 0.63671875 0.02265625 0.03671875
6 0.51796875 0.6375 0.0234375 0.03984375
6 0.4828125 0.61796875 0.0234375 0.0203125
6 0.50703125 0.6203125 0.0265625 0.0234375
6 0.4953125 0.60546875 0.02578125 0.0234375
6 0.51875 0.60859375 0.021875 0.0296875
6 0.503125 0.59140625 0.02421875 0.0234375