8 0.403125 0.15546875 0.02265625 0.0328125
2 0.50625 0.15859375 0.01875 0.02734375
7 0.75625 0.09765625 0.0265625 0.040625
3 0.60546875 0.15625 0.01796875 0.0296875
1 0.50625 0.3671875 0.01953125 0.034375
6 0.50546875 0.55 0.0234375 0.0390625
0 0.50390625 0.74921875 0.0265625 0.0390625
6 0.3875 0.5890625 0.0265625 0.04375
6 0.4484375 0.59765625 0.02265625 0.03828125
6 0.1421875 0.59375 0.0265625 0.0359375
6 0.53203125 0.57109375 0.02734375 0.0390625
4 0.5046875 0.58671875 0.02578125 0.03984375
6 0.365625 0.6796875 0.02421875 0.0390625