8 0.5953125 0.15625 0.01953125 0.03203125
1 0.49453125 0.36484375 0.021875 0.0265625
2 0.48515625 0.15390625 0.0203125 0.034375
6 0.68828125 0.8140625 0.02734375 0.03828125
6 0.51640625 0.57265625 0.02109375 0.03046875
6 0.528125 0.63828125 0.02109375 0.02890625
6 0.50703125 0.634375 0.02578125 0.03984375
6 0.51953125 0.6546875 0.021875 0.03359375
6 0.478125 0.58828125 0.02109375 0.03046875
6 0.4234375 0.62265625 0.0234375 0.028125
6 0.4140625 0.784375 0.0234375 0.034375
6 0.47109375 0.78359375 0.0234375 0.04375
0 0.5734375 0.83515625 0.02734375 0.02890625
4 0.48671875 0.56875 0.021875 0.03046875
6 0.5140625 0.80625 0.0265625 0.03828125
3 0.34375 0.10234375 0.015625 0.02265625
6 0.5625 0.6703125 0.025 0.03671875
6 0.3625 0.571875 0.0234375 0.0375
6 0.615625 0.60546875 0.02421875 0.03203125
7 0.646875 0.35625 0.02734375 0.034375
6 0.46328125 0.6078125 0.02578125 0.0359375
6 0.59609375 0.55625 0.0234375 0.0359375