3 0.39453125 0.84453125 0.02265625 0.034375
8 0.5953125 0.84375 0.01953125 0.03203125
1 0.49453125 0.63515625 0.021875 0.0265625
0 0.496875 0.2515625 0.025 0.03828125
4 0.49296875 0.41484375 0.02265625 0.034375
2 0.49375 0.84375 0.0171875 0.028125
7 0.17109375 0.49296875 0.02578125 0.0375
6 0.46796875 0.42734375 0.02421875 0.03046875
6 0.4953125 0.4515625 0.0265625 0.03359375
6 0.5515625 0.40546875 0.02421875 0.03046875
6 0.6109375 0.41171875 0.0265625 0.034375
6 0.63515625 0.321875 0.02578125 0.0359375
6 0.78046875 0.234375 0.02578125 0.0375
6 0.85625 0.40625 0.02109375 0.0359375