4 0.50859375 0.42890625 0.021875 0.025
3 0.60390625 0.84453125 0.02109375 0.0328125
8 0.403125 0.8453125 0.0203125 0.0296875
2 0.5375 0.903125 0.01796875 0.028125
6 0.56640625 0.74453125 0.02109375 0.0328125
1 0.50546875 0.63515625 0.02109375 0.0296875
6 0.51015625 0.4078125 0.0234375 0.02578125
6 0.490625 0.39765625 0.025 0.034375
6 0.85546875 0.34296875 0.02578125 0.03359375
7 0.6734375 0.56484375 0.02578125 0.03984375
6 0.65859375 0.44296875 0.0203125 0.03671875
6 0.4265625 0.4140625 0.02421875 0.03359375
6 0.159375 0.39765625 0.02890625 0.03671875
0 0.5046875 0.25078125 0.028125 0.0390625