2 0.50546875 0.846875 0.01875 0.03203125
4 0.51640625 0.41953125 0.02578125 0.0390625
6 0.49296875 0.36640625 0.02109375 0.0375
6 0.47109375 0.359375 0.021875 0.0390625
6 0.48125 0.34296875 0.0234375 0.03046875
6 0.31171875 0.18515625 0.0265625 0.0421875
6 0.584375 0.2140625 0.0265625 0.0390625
0 0.4234375 0.16328125 0.02890625 0.03203125
6 0.66171875 0.1921875 0.02734375 0.0421875
6 0.784375 0.16484375 0.02734375 0.02734375
3 0.67578125 0.9515625 0.02109375 0.0296875
8 0.3953125 0.85234375 0.01953125 0.025
6 0.7625 0.303125 0.0265625 0.03828125
1 0.475 0.50234375 0.0265625 0.03359375
6 0.6078125 0.20078125 0.02421875 0.0453125
6 0.7671875 0.44296875 0.02265625 0.03828125
6 0.7046875 0.29453125 0.02890625 0.040625
6 0.640625 0.43515625 0.02734375 0.03984375
6 0.7125 0.44453125 0.0234375 0.0359375
7 0.17890625 0.52109375 0.02578125 0.04140625