1 0.50625 0.36484375 0.02109375 0.03203125
3 0.60546875 0.15625 0.0234375 0.03203125
2 0.50546875 0.1546875 0.02265625 0.03359375
8 0.40390625 0.15390625 0.02109375 0.0328125
7 0.615625 0.61015625 0.02421875 0.03984375
0 0.50390625 0.75 0.0265625 0.04140625
4 0.46875 0.6859375 0.028125 0.03984375
6 0.38828125 0.58984375 0.02265625 0.03359375
6 0.41640625 0.634375 0.025 0.03828125
6 0.44921875 0.596875 0.0234375 0.03828125
6 0.49453125 0.63828125 0.025 0.03984375
6 0.5171875 0.63828125 0.02578125 0.03984375
6 0.50390625 0.54765625 0.02265625 0.03984375
6 0.53125 0.57109375 0.02578125 0.04296875