3 0.60546875 0.15546875 0.02265625 0.034375
8 0.4046875 0.15625 0.01953125 0.03203125
1 0.50546875 0.36484375 0.021875 0.0265625
7 0.11953125 0.753125 0.0328125 0.03984375
6 0.14609375 0.58671875 0.02734375 0.03046875
6 0.38984375 0.58984375 0.025 0.03046875
6 0.36484375 0.678125 0.025 0.0421875
6 0.45078125 0.59609375 0.02421875 0.040625
6 0.5296875 0.57109375 0.02109375 0.03203125
6 0.50390625 0.5484375 0.02265625 0.03203125
4 0.5046875 0.58359375 0.02265625 0.03828125
0 0.5046875 0.74921875 0.02421875 0.0359375
2 0.50625 0.15390625 0.01953125 0.021875