2 0.49453125 0.153125 0.01875 0.03203125
4 0.48359375 0.58046875 0.02578125 0.0390625
6 0.42578125 0.621875 0.028125 0.040625
6 0.35625 0.565625 0.02578125 0.040625
6 0.50703125 0.63359375 0.02109375 0.0375
6 0.52890625 0.640625 0.021875 0.0390625
6 0.51875 0.65703125 0.0234375 0.03046875
6 0.68828125 0.81484375 0.0265625 0.0421875
6 0.415625 0.7859375 0.0265625 0.0390625
0 0.5765625 0.83671875 0.02890625 0.03203125
6 0.565625 0.39140625 0.01875 0.0421875
6 0.8140625 0.54296875 0.0234375 0.03828125
6 0.33828125 0.8078125 0.02734375 0.0421875
6 0.215625 0.83515625 0.02734375 0.02734375
3 0.32421875 0.0484375 0.02109375 0.0296875
8 0.6046875 0.14765625 0.01953125 0.025
1 0.3625 0.4640625 0.02265625 0.0328125
6 0.3640625 0.6890625 0.02421875 0.0390625
6 0.2984375 0.66953125 0.028125 0.04140625
7 0.2609375 0.03203125 0.01953125 0.0234375