8 0.40390625 0.84453125 0.02109375 0.0296875
2 0.50546875 0.84453125 0.0203125 0.0296875
3 0.60546875 0.84453125 0.0203125 0.02890625
4 0.546875 0.5734375 0.0234375 0.034375
6 0.3046875 0.5796875 0.02265625 0.028125
6 0.409375 0.35 0.02265625 0.03828125
6 0.46484375 0.36796875 0.02421875 0.03359375
6 0.46796875 0.39296875 0.02421875 0.03203125
6 0.4984375 0.3875 0.021875 0.03359375
6 0.50625 0.36171875 0.021875 0.03984375
6 0.52109375 0.221875 0.02109375 0.03984375
6 0.3515625 0.2796875 0.02109375 0.040625
6 0.33671875 0.2671875 0.02265625 0.0359375
6 0.35390625 0.17890625 0.02265625 0.03203125
0 0.3359375 0.20625 0.025 0.0328125
7 0.31328125 0.54140625 0.0171875 0.0328125
6 0.1578125 0.46015625 0.0140625 0.03984375
6 0.1765625 0.3640625 0.02421875 0.02578125
6 0.4921875 0.42734375 0.0265625 0.0375
1 0.74453125 0.95703125 0.0203125 0.02734375