2 0.5046875 0.15625 0.0203125 0.03046875
0 0.50390625 0.7484375 0.0265625 0.03359375
3 0.60546875 0.1578125 0.021875 0.028125
8 0.40390625 0.15546875 0.021875 0.0296875
1 0.50625 0.3671875 0.021875 0.03359375
7 0.6265625 0.67734375 0.03046875 0.03984375
6 0.53125 0.56953125 0.02421875 0.03125
6 0.5046875 0.5484375 0.02421875 0.03359375
6 0.28984375 0.6125 0.0265625 0.03984375
6 0.38984375 0.66171875 0.0234375 0.03984375
6 0.3890625 0.58984375 0.02578125 0.03828125
6 0.44921875 0.59453125 0.025 0.03984375
6 0.52109375 0.6796875 0.02734375 0.04140625
4 0.50546875 0.58515625 0.025 0.03671875