8 0.4046875 0.15625 0.01953125 0.03203125
1 0.50546875 0.36484375 0.021875 0.0265625
2 0.50703125 0.16015625 0.0234375 0.03046875
3 0.60546875 0.15625 0.01953125 0.0265625
7 0.74609375 0.26796875 0.0234375 0.0359375
6 0.14375 0.5921875 0.021875 0.0375
6 0.38828125 0.58984375 0.02734375 0.02890625
6 0.365625 0.68046875 0.02734375 0.03671875
6 0.44765625 0.59765625 0.0234375 0.03203125
6 0.5046875 0.54609375 0.028125 0.02421875
6 0.53125 0.57109375 0.021875 0.03046875
4 0.50546875 0.58671875 0.02734375 0.03515625
0 0.50390625 0.75 0.025 0.05