8 0.59609375 0.15546875 0.02109375 0.0296875
2 0.49453125 0.15546875 0.0203125 0.0296875
3 0.39453125 0.15546875 0.0203125 0.02890625
1 0.4953125 0.36640625 0.02109375 0.03984375
7 0.24296875 0.04765625 0.0234375 0.034375
6 0.625 0.81796875 0.028125 0.040625
6 0.26640625 0.665625 0.02421875 0.0328125
6 0.3859375 0.60859375 0.0234375 0.0328125
6 0.453125 0.67578125 0.0265625 0.0328125
6 0.52421875 0.68359375 0.021875 0.03203125
6 0.50390625 0.67734375 0.0265625 0.03984375
6 0.43359375 0.60546875 0.0265625 0.0328125
6 0.4828125 0.63671875 0.021875 0.03203125
6 0.50546875 0.6375 0.01875 0.0265625
6 0.5265625 0.6375 0.02421875 0.034375
6 0.5171875 0.6203125 0.02421875 0.0265625
6 0.49453125 0.6203125 0.021875 0.021875
6 0.50625 0.60859375 0.0265625 0.02421875
6 0.48359375 0.61015625 0.0265625 0.0265625
6 0.496875 0.596875 0.0234375 0.02734375
4 0.496875 0.5703125 0.025 0.025