8 0.39609375 0.1453125 0.02109375 0.03671875
2 0.50625 0.15625 0.02265625 0.0390625
7 0.35546875 0.52109375 0.0265625 0.040625
0 0.6234375 0.83515625 0.028125 0.02890625
6 0.54921875 0.7859375 0.028125 0.03828125
6 0.48515625 0.73125 0.0265625 0.0421875
6 0.47890625 0.6515625 0.021875 0.03359375
6 0.47109375 0.634375 0.01875 0.02578125
6 0.4921875 0.63046875 0.02109375 0.02890625
1 0.47421875 0.5015625 0.02421875 0.0421875
6 0.76875 0.55625 0.02265625 0.0390625
3 0.7125 0.0359375 0.0203125 0.03046875
6 0.63671875 0.56328125 0.0234375 0.0375
6 0.4828125 0.42890625 0.021875 0.03515625
4 0.50390625 0.58203125 0.025 0.03671875