2 0.49453125 0.153125 0.01875 0.03203125
4 0.48359375 0.58046875 0.02578125 0.0390625
6 0.50703125 0.63359375 0.02109375 0.0375
6 0.52890625 0.640625 0.021875 0.0390625
6 0.51875 0.65703125 0.0234375 0.03046875
6 0.33828125 0.8078125 0.02734375 0.0421875
6 0.215625 0.83515625 0.02734375 0.02734375
8 0.6046875 0.14765625 0.01953125 0.025
6 0.2375 0.696875 0.0265625 0.03828125
1 0.525 0.49765625 0.0265625 0.03359375
6 0.2328125 0.55703125 0.02265625 0.03828125
6 0.2953125 0.70546875 0.02890625 0.040625
6 0.36484375 0.56171875 0.02578125 0.0421875
6 0.5453125 0.703125 0.03046875 0.03515625
0 0.37578125 0.834375 0.025 0.034375
3 0.28671875 0.03203125 0.02109375 0.03046875
7 0.77109375 0.5546875 0.0265625 0.04609375
6 0.6375 0.7484375 0.0328125 0.0421875
6 0.28515625 0.59140625 0.0265625 0.040625
6 0.51328125 0.72734375 0.0265625 0.04453125