8 0.59453125 0.84453125 0.02265625 0.0328125
3 0.39453125 0.84375 0.01796875 0.0296875
1 0.4953125 0.63359375 0.0234375 0.0375
6 0.54765625 0.3421875 0.021875 0.0328125
6 0.528125 0.3671875 0.02265625 0.02734375
4 0.4859375 0.43359375 0.02421875 0.02734375
0 0.53828125 0.175 0.025 0.04296875
7 0.51171875 0.83125 0.02265625 0.03203125
6 0.596875 0.44140625 0.02109375 0.0375
6 0.41640625 0.2140625 0.0265625 0.04140625
6 0.5140625 0.425 0.025 0.03984375
6 0.6859375 0.18359375 0.02734375 0.0390625
6 0.51875 0.346875 0.0234375 0.034375
6 0.43125 0.27265625 0.02421875 0.034375
6 0.64140625 0.43671875 0.021875 0.03671875
6 0.49765625 0.37578125 0.025 0.028125
6 0.38203125 0.3515625 0.025 0.034375
6 0.4859375 0.39765625 0.028125 0.0203125
6 0.4765625 0.41484375 0.02734375 0.01796875
6 0.475 0.271875 0.025 0.03359375
2 0.48671875 0.8484375 0.01875 0.02734375
6 0.47109375 0.37578125 0.02265625 0.03046875