2 0.50625 0.15625 0.02265625 0.028125
3 0.60546875 0.15546875 0.02265625 0.034375
8 0.3265625 0.11796875 0.01953125 0.0296875
1 0.52265625 0.38828125 0.02109375 0.040625
6 0.64453125 0.53125 0.021875 0.0390625
6 0.8125 0.60390625 0.0265625 0.03203125
6 0.58203125 0.615625 0.02421875 0.0390625
4 0.8421875 0.56953125 0.02734375 0.03125
6 0.4625 0.48984375 0.021875 0.0328125
6 0.49296875 0.60625 0.0234375 0.03125
6 0.48828125 0.62890625 0.01875 0.0359375
0 0.50390625 0.75 0.028125 0.0421875
7 0.77109375 0.753125 0.025 0.03984375
6 0.69140625 0.65390625 0.02578125 0.04296875
6 0.5765625 0.52578125 0.0265625 0.03671875