8 0.4046875 0.15625 0.02109375 0.0328125
2 0.50625 0.1578125 0.02109375 0.03203125
3 0.60703125 0.1578125 0.021875 0.03359375
7 0.53203125 0.615625 0.02421875 0.0390625
6 0.44296875 0.6359375 0.025 0.03671875
6 0.49453125 0.63671875 0.02421875 0.03125
6 0.49296875 0.615625 0.0265625 0.03515625
6 0.4453125 0.609375 0.02265625 0.03203125
4 0.4859375 0.66875 0.02890625 0.03828125
6 0.5171875 0.6390625 0.02421875 0.03828125
1 0.50703125 0.36484375 0.02421875 0.03828125
6 0.484375 0.5921875 0.02109375 0.03203125
6 0.51015625 0.578125 0.0234375 0.03359375
6 0.52578125 0.596875 0.02109375 0.028125