2 0.49453125 0.153125 0.01875 0.03203125
1 0.4953125 0.365625 0.02109375 0.0390625
4 0.48359375 0.58046875 0.02578125 0.0390625
6 0.42578125 0.621875 0.028125 0.040625
6 0.35625 0.565625 0.02578125 0.040625
6 0.50703125 0.63359375 0.02109375 0.0375
6 0.52890625 0.640625 0.021875 0.0390625
6 0.51875 0.65703125 0.0234375 0.03046875
6 0.68828125 0.81484375 0.0265625 0.0421875
6 0.415625 0.7859375 0.0265625 0.0390625
0 0.5765625 0.83671875 0.02890625 0.03203125
6 0.565625 0.39140625 0.01875 0.0421875
6 0.8140625 0.54296875 0.0234375 0.03828125
6 0.3359375 0.65234375 0.025 0.03671875
6 0.33828125 0.8078125 0.02734375 0.0421875
6 0.215625 0.83515625 0.02734375 0.02734375
3 0.32421875 0.0484375 0.02109375 0.0296875
7 0.409375 0.07421875 0.02265625 0.02890625
8 0.596875 0.15234375 0.0203125 0.02890625
6 0.59453125 0.16640625 0.01796875 0.02734375