8 0.59609375 0.84453125 0.02109375 0.0296875
2 0.49453125 0.84453125 0.0203125 0.0296875
3 0.39453125 0.84453125 0.0203125 0.02890625
1 0.4953125 0.63359375 0.02109375 0.03984375
6 0.43359375 0.39453125 0.02421875 0.03671875
4 0.4953125 0.42890625 0.02421875 0.0265625
6 0.54375 0.35 0.02109375 0.040625
6 0.5265625 0.36171875 0.02421875 0.0375
6 0.50390625 0.3625 0.021875 0.03671875
6 0.48125 0.36328125 0.0234375 0.03515625
6 0.51796875 0.37890625 0.025 0.028125
6 0.49375 0.3765625 0.0265625 0.0296875
6 0.50703125 0.39609375 0.0265625 0.01953125
6 0.48203125 0.39140625 0.0234375 0.03046875