8 0.596875 0.84375 0.0203125 0.02890625
2 0.49453125 0.84296875 0.0203125 0.02890625
3 0.4515625 0.88046875 0.0265625 0.03984375
1 0.49609375 0.63515625 0.02109375 0.03046875
7 0.3578125 0.87265625 0.021875 0.0390625
0 0.49453125 0.2484375 0.025 0.03984375
6 0.625 0.37109375 0.0265625 0.0390625
6 0.525 0.3265625 0.025 0.0359375
6 0.49453125 0.3171875 0.0234375 0.03671875
6 0.46640625 0.34453125 0.021875 0.034375
6 0.45546875 0.3625 0.021875 0.0359375
6 0.3890625 0.4015625 0.02265625 0.03828125
6 0.52890625 0.36328125 0.0234375 0.034375
6 0.50625 0.3640625 0.02109375 0.03359375
6 0.48203125 0.36171875 0.02265625 0.03515625
6 0.5171875 0.38515625 0.021875 0.0140625
6 0.49375 0.3859375 0.02421875 0.01328125
6 0.50625 0.3984375 0.0234375 0.01484375
6 0.48203125 0.39375 0.02109375 0.02578125
6 0.4984375 0.41484375 0.028125 0.015625
4 0.496875 0.434375 0.021875 0.0203125