8 0.4046875 0.15625 0.02109375 0.0328125
2 0.50625 0.1578125 0.02109375 0.03203125
3 0.60703125 0.1578125 0.021875 0.03359375
6 0.4765625 0.68359375 0.025 0.03671875
6 0.546875 0.67578125 0.02578125 0.0359375
6 0.496875 0.67578125 0.0265625 0.03515625
6 0.3734375 0.81640625 0.0234375 0.03828125
4 0.50390625 0.571875 0.0265625 0.028125
6 0.728125 0.66953125 0.02578125 0.03828125
1 0.50546875 0.36484375 0.02421875 0.03828125
6 0.47109375 0.63671875 0.02265625 0.03203125
6 0.49453125 0.6375 0.01875 0.03125
6 0.51640625 0.63828125 0.02265625 0.0328125
6 0.565625 0.60625 0.02578125 0.03828125
6 0.61640625 0.61015625 0.02421875 0.03671875
6 0.48359375 0.61484375 0.02421875 0.0171875
6 0.50703125 0.61484375 0.02265625 0.01875
6 0.49609375 0.603125 0.025 0.01640625
6 0.51875 0.60546875 0.02109375 0.02734375
6 0.50390625 0.59140625 0.02890625 0.0140625