8 0.60390625 0.8546875 0.0203125 0.03046875
2 0.49375 0.84453125 0.021875 0.03515625
7 0.4609375 0.5 0.02578125 0.0375
3 0.28671875 0.96484375 0.02109375 0.025
4 0.49453125 0.41640625 0.025 0.03671875
0 0.37734375 0.1671875 0.025 0.03125
6 0.23125 0.4453125 0.02265625 0.0359375
6 0.365625 0.43671875 0.02421875 0.03515625
6 0.2140625 0.1625 0.02421875 0.0296875
6 0.33828125 0.1953125 0.02578125 0.0421875
6 0.4515625 0.2140625 0.02578125 0.04375
6 0.51328125 0.26953125 0.02421875 0.03984375
6 0.51953125 0.34609375 0.02109375 0.034375
6 0.50703125 0.36875 0.01953125 0.034375
6 0.528125 0.36640625 0.01875 0.0203125