8 0.5953125 0.84375 0.021875 0.0328125
2 0.49375 0.8421875 0.02109375 0.02890625
3 0.3953125 0.8421875 0.021875 0.03359375
1 0.49453125 0.6328125 0.02109375 0.03671875
7 0.56484375 0.2125 0.0265625 0.046875
6 0.62578125 0.184375 0.02578125 0.04453125
0 0.4953125 0.25078125 0.025 0.0453125
4 0.4953125 0.43125 0.0234375 0.0234375
6 0.52421875 0.315625 0.02421875 0.03671875
6 0.503125 0.325 0.021875 0.034375
6 0.453125 0.32109375 0.0234375 0.0359375
6 0.38359375 0.38828125 0.02578125 0.040625
6 0.434375 0.39453125 0.0234375 0.03984375
6 0.5296875 0.36171875 0.0234375 0.034375
6 0.50546875 0.3640625 0.02109375 0.03203125
6 0.4828125 0.3625 0.025 0.03515625
6 0.51640625 0.38515625 0.02421875 0.01484375
6 0.4921875 0.3859375 0.02421875 0.0140625
6 0.48046875 0.3921875 0.0203125 0.0296875
6 0.50546875 0.3984375 0.0296875 0.015625
6 0.4953125 0.41171875 0.0265625 0.015625