2 0.49453125 0.84453125 0.01953125 0.03125
3 0.39609375 0.84453125 0.0203125 0.03203125
8 0.5953125 0.84375 0.01953125 0.03046875
7 0.45 0.3125 0.02734375 0.03984375
1 0.49609375 0.634375 0.0234375 0.0359375
6 0.26875 0.3046875 0.02734375 0.03515625
6 0.8625 0.35625 0.0234375 0.0328125
6 0.42421875 0.34296875 0.021875 0.0328125
6 0.3546875 0.3453125 0.02578125 0.0328125
6 0.79375 0.5359375 0.02734375 0.0359375
6 0.21171875 0.4734375 0.02734375 0.0390625
6 0.4046875 0.38984375 0.02890625 0.034375
4 0.4578125 0.553125 0.0234375 0.03828125