3 0.60546875 0.15546875 0.02265625 0.034375
8 0.4046875 0.15625 0.01953125 0.03203125
1 0.50546875 0.36484375 0.021875 0.0265625
2 0.51484375 0.15078125 0.0171875 0.028125
7 0.52734375 0.34296875 0.02265625 0.04140625
6 0.61640625 0.59296875 0.02421875 0.0375
6 0.53125 0.56875 0.02109375 0.03359375
6 0.50390625 0.54609375 0.021875 0.0296875
6 0.44921875 0.59296875 0.021875 0.03046875
6 0.38984375 0.58984375 0.01953125 0.03828125
6 0.365625 0.678125 0.025 0.03671875
6 0.1453125 0.59296875 0.021875 0.03359375
0 0.50390625 0.746875 0.025 0.03203125
4 0.50390625 0.58359375 0.0234375 0.034375