8 0.40390625 0.84453125 0.02109375 0.0296875
2 0.50546875 0.84453125 0.0203125 0.0296875
3 0.60546875 0.84453125 0.0203125 0.02890625
1 0.5046875 0.63359375 0.02109375 0.03984375
4 0.546875 0.5734375 0.0234375 0.034375
6 0.503125 0.38125 0.0234375 0.0359375
6 0.4828125 0.375 0.025 0.0328125
6 0.46875 0.3921875 0.0265625 0.0390625
6 0.17265625 0.35859375 0.0265625 0.040625
6 0.3046875 0.5796875 0.02265625 0.028125
6 0.49296875 0.4265625 0.02890625 0.034375
0 0.33671875 0.209375 0.028125 0.0359375
6 0.3375 0.26953125 0.02578125 0.0375
6 0.15234375 0.46171875 0.0296875 0.04140625
6 0.2 0.25078125 0.0296875 0.040625
6 0.51953125 0.22421875 0.028125 0.04765625
6 0.44609375 0.365625 0.021875 0.0359375
6 0.50703125 0.36171875 0.02109375 0.03203125
6 0.3546875 0.28125 0.025 0.03515625
6 0.35390625 0.184375 0.021875 0.03984375
7 0.65625 0.73828125 0.021875 0.03671875