8 0.4046875 0.15625 0.02109375 0.0328125
2 0.50625 0.1578125 0.02109375 0.03203125
3 0.60703125 0.1578125 0.021875 0.03359375
7 0.3515625 0.740625 0.028125 0.04453125
6 0.471875 0.6375 0.0234375 0.03515625
6 0.51875 0.6375 0.0234375 0.0328125
6 0.49453125 0.6359375 0.02265625 0.0328125
1 0.50703125 0.36328125 0.02421875 0.03828125
0 0.50390625 0.75 0.02734375 0.0421875
4 0.503125 0.6515625 0.0234375 0.0359375
6 0.48359375 0.61171875 0.025 0.015625
6 0.5078125 0.61171875 0.02421875 0.01640625
6 0.49609375 0.5984375 0.02890625 0.01484375
6 0.5171875 0.60390625 0.0234375 0.025
6 0.50234375 0.5859375 0.0265625 0.015625