7 0.6359375 0.63046875 0.02734375 0.0390625
8 0.40390625 0.15390625 0.02109375 0.03203125
2 0.50703125 0.15625 0.01953125 0.03125
3 0.60390625 0.15546875 0.0203125 0.03203125
1 0.50390625 0.3640625 0.02265625 0.03515625
6 0.45390625 0.65078125 0.02578125 0.03671875
6 0.37421875 0.81875 0.025 0.0421875
6 0.54921875 0.67890625 0.02578125 0.0375
6 0.47109375 0.63828125 0.0234375 0.03515625
4 0.5046875 0.5671875 0.025 0.02265625
6 0.49453125 0.6359375 0.0234375 0.03671875
6 0.51640625 0.63671875 0.025 0.03515625
6 0.565625 0.60625 0.02421875 0.0390625
6 0.48203125 0.61640625 0.02265625 0.01953125
6 0.50546875 0.61484375 0.0265625 0.02109375
6 0.4953125 0.6015625 0.02421875 0.01640625
6 0.51796875 0.6046875 0.02109375 0.02578125
6 0.5046875 0.58828125 0.02421875 0.01953125