8 0.5953125 0.15625 0.02109375 0.0328125
2 0.49375 0.1578125 0.02109375 0.03203125
3 0.39296875 0.1578125 0.021875 0.03359375
7 0.64921875 0.74296875 0.028125 0.04453125
6 0.528125 0.6375 0.025 0.03671875
6 0.50625 0.6359375 0.0234375 0.0296875
6 0.4828125 0.6375 0.02265625 0.03359375
0 0.49453125 0.75 0.0265625 0.04296875
6 0.51484375 0.61640625 0.02421875 0.01796875
4 0.496875 0.65078125 0.02578125 0.0375
6 0.4921875 0.6171875 0.0265625 0.0203125
1 0.49296875 0.365625 0.02421875 0.03828125
6 0.50546875 0.6015625 0.02578125 0.015625
6 0.48203125 0.60546875 0.02265625 0.02421875
6 0.49765625 0.5875 0.02890625 0.015625