2 0.50546875 0.15703125 0.02109375 0.02578125
0 0.5046875 0.75 0.02421875 0.040625
1 0.50546875 0.3640625 0.02109375 0.02890625
3 0.60703125 0.1546875 0.01953125 0.03125
8 0.40390625 0.15625 0.0234375 0.03125
6 0.53203125 0.57109375 0.021875 0.03359375
6 0.50625 0.55078125 0.021875 0.03359375
6 0.5171875 0.63828125 0.0234375 0.03984375
6 0.4953125 0.6375 0.0234375 0.0390625
6 0.4484375 0.59453125 0.0234375 0.03671875
6 0.41640625 0.63125 0.02265625 0.03671875
6 0.38984375 0.58671875 0.02265625 0.0328125
7 0.74765625 0.55546875 0.025 0.03515625