8 0.40390625 0.84453125 0.0203125 0.03125
7 0.590625 0.26328125 0.028125 0.03984375
2 0.50625 0.8421875 0.0203125 0.03125
3 0.6046875 0.84140625 0.02421875 0.0328125
1 0.50546875 0.634375 0.02265625 0.0359375
0 0.50390625 0.24765625 0.0265625 0.03984375
6 0.55 0.3234375 0.02265625 0.03359375
6 0.49453125 0.36328125 0.0203125 0.0328125
6 0.5171875 0.36171875 0.025 0.0375
6 0.375 0.18671875 0.0265625 0.034375
6 0.50625 0.38515625 0.02109375 0.02265625
6 0.52421875 0.3921875 0.02109375 0.0296875
6 0.45390625 0.35 0.0203125 0.0296875
6 0.4828125 0.375 0.02265625 0.02734375
6 0.50625 0.4078125 0.01875 0.02578125
4 0.5078125 0.42734375 0.021875 0.0171875
6 0.56640625 0.39140625 0.02265625 0.0328125
6 0.4671875 0.36015625 0.02265625 0.03125
6 0.4953125 0.39453125 0.0234375 0.02265625