2 0.50625 0.84375 0.02265625 0.028125
3 0.60546875 0.84453125 0.02265625 0.034375
8 0.3265625 0.88203125 0.01953125 0.0296875
1 0.52265625 0.61171875 0.02109375 0.040625
6 0.64453125 0.46875 0.021875 0.0390625
6 0.8125 0.39609375 0.0265625 0.03203125
6 0.58203125 0.384375 0.02421875 0.0390625
4 0.8421875 0.43046875 0.02734375 0.03125
6 0.4625 0.51015625 0.021875 0.0328125
6 0.69140625 0.34609375 0.02578125 0.04296875
6 0.5765625 0.47421875 0.0265625 0.03671875
6 0.8578125 0.37421875 0.02578125 0.03359375
0 0.50390625 0.25390625 0.02734375 0.03671875
6 0.48828125 0.36953125 0.025 0.04140625
7 0.3484375 0.26875 0.02265625 0.04296875