3 0.39375 0.84296875 0.02265625 0.0328125
2 0.49296875 0.84375 0.0203125 0.03046875
8 0.59609375 0.84453125 0.0234375 0.03203125
6 0.8265625 0.35703125 0.02578125 0.03203125
6 0.8484375 0.46640625 0.0265625 0.0359375
6 0.6234375 0.3125 0.0265625 0.034375
6 0.59140625 0.34921875 0.025 0.0359375
6 0.49296875 0.359375 0.02265625 0.0421875
6 0.5359375 0.36875 0.02734375 0.0359375
6 0.5015625 0.3890625 0.02734375 0.034375
6 0.53046875 0.3921875 0.025 0.03359375
4 0.49375 0.4171875 0.0234375 0.03671875
1 0.2890625 0.946875 0.01953125 0.03203125
7 0.17109375 0.421875 0.028125 0.040625
0 0.51875 0.27578125 0.02734375 0.04375
6 0.48359375 0.2453125 0.02578125 0.040625