6 0.51875 0.63671875 0.0234375 0.034375
6 0.50625 0.6140625 0.02109375 0.0171875
6 0.52734375 0.6078125 0.0203125 0.0328125
1 0.50546875 0.36640625 0.02265625 0.03515625
3 0.6046875 0.1546875 0.021875 0.02890625
8 0.403125 0.1546875 0.01953125 0.03203125
6 0.50703125 0.590625 0.01796875 0.0234375
2 0.53828125 0.09765625 0.02109375 0.028125
4 0.5046875 0.5671875 0.0234375 0.0203125
6 0.49609375 0.63671875 0.02109375 0.034375
6 0.8546875 0.66015625 0.02421875 0.04140625
6 0.56640625 0.25546875 0.025 0.03515625
6 0.553125 0.653125 0.0265625 0.03828125
6 0.47890625 0.62109375 0.0234375 0.0359375
6 0.4734375 0.5984375 0.021875 0.02109375
6 0.4859375 0.5890625 0.01953125 0.02578125
7 0.79296875 0.68359375 0.02734375 0.03984375