3 0.39375 0.15703125 0.02265625 0.0328125
2 0.49296875 0.15625 0.0203125 0.03046875
8 0.59609375 0.15546875 0.0234375 0.03203125
6 0.8265625 0.64296875 0.02578125 0.03203125
6 0.8484375 0.53359375 0.0265625 0.0359375
6 0.6234375 0.6875 0.0265625 0.034375
6 0.59140625 0.65078125 0.025 0.0359375
6 0.49296875 0.640625 0.02265625 0.0421875
6 0.5359375 0.63125 0.02734375 0.0359375
6 0.5015625 0.6109375 0.02734375 0.034375
6 0.53046875 0.6078125 0.025 0.03359375
6 0.48125 0.7578125 0.025 0.03671875
4 0.49375 0.5828125 0.0234375 0.03671875
1 0.2890625 0.053125 0.01953125 0.03203125
7 0.1859375 0.63203125 0.02890625 0.040625
0 0.51640625 0.73046875 0.0234375 0.0453125