8 0.5953125 0.15625 0.021875 0.0328125
2 0.49375 0.1578125 0.02109375 0.02890625
3 0.3953125 0.1578125 0.021875 0.03359375
1 0.49453125 0.3671875 0.02109375 0.03671875
7 0.84296875 0.58359375 0.0265625 0.046875
6 0.62578125 0.815625 0.02578125 0.04453125
0 0.4953125 0.74921875 0.025 0.0453125
4 0.4953125 0.56875 0.0234375 0.0234375
6 0.52421875 0.684375 0.02421875 0.03671875
6 0.503125 0.675 0.021875 0.034375
6 0.453125 0.67890625 0.0234375 0.0359375
6 0.38359375 0.61171875 0.02578125 0.040625
6 0.434375 0.60546875 0.0234375 0.03984375
6 0.5296875 0.63828125 0.0234375 0.034375
6 0.50546875 0.6359375 0.02109375 0.03203125
6 0.4828125 0.6375 0.025 0.03515625
6 0.51640625 0.61484375 0.02421875 0.01484375
6 0.4921875 0.6140625 0.02421875 0.0140625
6 0.48046875 0.6078125 0.0203125 0.0296875
6 0.50546875 0.6015625 0.0296875 0.015625
6 0.4953125 0.58828125 0.0265625 0.015625