7 0.628125 0.73203125 0.02734375 0.0390625
2 0.50625 0.15625 0.01953125 0.03125
3 0.60390625 0.15546875 0.0203125 0.03203125
1 0.50390625 0.3640625 0.02265625 0.03515625
6 0.375 0.81875 0.025 0.0421875
6 0.56640625 0.6046875 0.0265625 0.034375
6 0.4546875 0.6453125 0.0234375 0.03515625
4 0.5046875 0.5671875 0.025 0.02265625
6 0.51875 0.60625 0.02109375 0.028125
6 0.49375 0.6375 0.02265625 0.03671875
0 0.5046875 0.74765625 0.025 0.040625
6 0.47265625 0.63515625 0.02109375 0.03515625
8 0.4046875 0.15390625 0.021875 0.03203125
6 0.5171875 0.6375 0.0234375 0.0375
6 0.484375 0.615625 0.025 0.01953125
6 0.50703125 0.61484375 0.025 0.01796875
6 0.49375 0.6046875 0.02578125 0.021875
6 0.50390625 0.58671875 0.0234375 0.01953125