4 0.49140625 0.42890625 0.021875 0.025
3 0.39609375 0.84453125 0.02109375 0.0328125
8 0.596875 0.8453125 0.0203125 0.0296875
2 0.4625 0.903125 0.01796875 0.028125
6 0.43359375 0.74453125 0.02109375 0.0328125
6 0.14453125 0.34296875 0.02421875 0.03515625
1 0.49453125 0.63515625 0.02109375 0.0296875
6 0.48984375 0.4078125 0.0234375 0.02578125
0 0.49453125 0.2515625 0.02421875 0.03515625
6 0.4796875 0.39140625 0.015625 0.02734375
6 0.48046875 0.3609375 0.01953125 0.0296875
6 0.496875 0.3765625 0.02265625 0.02890625
6 0.5046875 0.3546875 0.02265625 0.03359375
6 0.52109375 0.378125 0.02109375 0.03359375
6 0.5265625 0.3984375 0.021875 0.03203125
7 0.671875 0.225 0.028125 0.03671875