8 0.4046875 0.84609375 0.02109375 0.034375
2 0.5375 0.89765625 0.01796875 0.0296875
3 0.60390625 0.84296875 0.01875 0.03125
7 0.48046875 0.65234375 0.02265625 0.03671875
1 0.50625 0.6328125 0.01953125 0.034375
0 0.7 0.17265625 0.02421875 0.0390625
6 0.1125 0.15859375 0.025 0.03828125
6 0.85546875 0.340625 0.02265625 0.03515625
6 0.48046875 0.37890625 0.02109375 0.03359375
6 0.55 0.3453125 0.02109375 0.03359375
6 0.75703125 0.20625 0.0234375 0.03359375
6 0.565625 0.74375 0.0203125 0.03515625
6 0.4875 0.41171875 0.0171875 0.03359375
6 0.49375 0.36171875 0.0234375 0.03515625
6 0.5171875 0.36171875 0.0234375 0.03828125
6 0.503125 0.41015625 0.02109375 0.01875
6 0.5234375 0.3921875 0.0234375 0.025
6 0.5078125 0.38515625 0.02109375 0.0109375
6 0.47421875 0.3984375 0.025 0.02734375
4 0.50546875 0.4296875 0.0234375 0.021875