8 0.403125 0.15546875 0.01953125 0.03515625
2 0.50625 0.15703125 0.0203125 0.0296875
3 0.60625 0.15546875 0.01875 0.0296875
7 0.21796875 0.48203125 0.02265625 0.03515625
1 0.50625 0.36640625 0.0234375 0.03515625
0 0.5046875 0.75078125 0.025 0.0375
6 0.38125 0.5703125 0.0234375 0.0375
6 0.465625 0.67890625 0.021875 0.0359375
6 0.5015625 0.66015625 0.02421875 0.03515625
6 0.52421875 0.6578125 0.02265625 0.03671875
6 0.6328125 0.534375 0.0265625 0.03828125
6 0.4390625 0.675 0.02421875 0.03515625
6 0.48671875 0.64296875 0.0234375 0.02890625
6 0.51953125 0.634375 0.025 0.02109375
6 0.6765625 0.72890625 0.02578125 0.040625
6 0.4828125 0.61796875 0.0234375 0.01953125
6 0.50625 0.6203125 0.0234375 0.021875
6 0.58203125 0.6078125 0.0234375 0.03828125
6 0.4953125 0.60234375 0.02578125 0.01328125
6 0.515625 0.6078125 0.025 0.025
6 0.5 0.58671875 0.025 0.0171875
4 0.76015625 0.57890625 0.02734375 0.04375