2 0.50625 0.15625 0.01953125 0.03125
3 0.60390625 0.15546875 0.0203125 0.03203125
6 0.37421875 0.81640625 0.025 0.0421875
4 0.503125 0.56796875 0.02421875 0.025
6 0.45546875 0.64921875 0.025 0.0359375
8 0.40703125 0.1578125 0.01953125 0.03046875
7 0.64140625 0.74453125 0.02734375 0.0390625
6 0.565625 0.6046875 0.025 0.0390625
0 0.5046875 0.7515625 0.0265625 0.040625
1 0.50625 0.365625 0.01953125 0.02890625
6 0.47265625 0.6359375 0.0203125 0.0328125
6 0.49375 0.63671875 0.021875 0.034375
6 0.51640625 0.63671875 0.0234375 0.03671875
6 0.484375 0.6140625 0.0234375 0.015625
6 0.50625 0.61484375 0.021875 0.01484375
6 0.49453125 0.6015625 0.0234375 0.0140625
6 0.50234375 0.58671875 0.02578125 0.015625
6 0.51875 0.60546875 0.021875 0.02578125