8 0.40390625 0.84453125 0.02109375 0.0296875
2 0.50546875 0.84453125 0.0203125 0.0296875
3 0.60546875 0.84453125 0.0203125 0.02890625
1 0.5046875 0.63359375 0.0203125 0.034375
4 0.503125 0.42734375 0.021875 0.021875
0 0.503125 0.253125 0.02578125 0.03359375
6 0.3734375 0.18515625 0.02578125 0.0390625
6 0.72890625 0.3359375 0.021875 0.0328125
6 0.615625 0.3890625 0.0234375 0.03515625
6 0.565625 0.3953125 0.021875 0.0359375
6 0.5453125 0.32421875 0.02421875 0.0328125
6 0.496875 0.32265625 0.0203125 0.03828125
6 0.47578125 0.3125 0.021875 0.0390625
6 0.471875 0.36484375 0.02421875 0.03203125
6 0.49375 0.36328125 0.02265625 0.03671875
6 0.51796875 0.3625 0.0234375 0.03984375
6 0.4828125 0.38203125 0.0234375 0.0203125
6 0.50703125 0.3796875 0.0265625 0.0234375
6 0.4953125 0.39453125 0.02578125 0.0234375
6 0.51875 0.39140625 0.021875 0.0296875
6 0.503125 0.40859375 0.02421875 0.0234375