3 0.39453125 0.84453125 0.02265625 0.034375
8 0.5953125 0.84375 0.01953125 0.03203125
1 0.49453125 0.63515625 0.021875 0.0265625
0 0.496875 0.2515625 0.025 0.03828125
6 0.51953125 0.34140625 0.028125 0.03515625
6 0.49453125 0.35 0.02265625 0.034375
6 0.52890625 0.3625 0.02109375 0.03359375
6 0.46171875 0.3640625 0.0234375 0.0328125
6 0.48203125 0.36171875 0.0203125 0.03203125
6 0.51640625 0.3828125 0.01796875 0.01953125
6 0.4953125 0.4046875 0.01640625 0.01875
6 0.49453125 0.38125 0.01640625 0.01953125
4 0.49296875 0.4203125 0.02265625 0.02265625
6 0.47265625 0.34375 0.025 0.0359375
6 0.59375 0.38359375 0.0234375 0.0375
6 0.6125 0.3515625 0.025 0.02890625
7 0.221875 0.25 0.025 0.03828125
2 0.4859375 0.8484375 0.0203125 0.02421875