3 0.60703125 0.15625 0.021875 0.03671875
2 0.50546875 0.15703125 0.02109375 0.02578125
8 0.40390625 0.15546875 0.021875 0.03203125
0 0.5046875 0.75 0.02421875 0.040625
1 0.50546875 0.3640625 0.02109375 0.02890625
6 0.3828125 0.57109375 0.0203125 0.03828125
6 0.5671875 0.5546875 0.02265625 0.03515625
6 0.56796875 0.61328125 0.02578125 0.034375
6 0.6046875 0.68125 0.02265625 0.03984375
6 0.5234375 0.659375 0.02109375 0.03125
6 0.50234375 0.66015625 0.0234375 0.0328125
6 0.46953125 0.6734375 0.01953125 0.034375
6 0.4484375 0.66171875 0.02265625 0.0328125
6 0.48671875 0.64296875 0.0203125 0.03515625
6 0.52109375 0.6375 0.0234375 0.02421875
6 0.4828125 0.62265625 0.02421875 0.0265625
6 0.5078125 0.625 0.02265625 0.034375
6 0.49453125 0.60390625 0.025 0.01875
6 0.515625 0.60859375 0.021875 0.02890625
6 0.50078125 0.5859375 0.02421875 0.01875
7 0.23203125 0.7625 0.02578125 0.040625
4 0.6265625 0.58046875 0.02421875 0.0375