3 0.39375 0.15703125 0.02265625 0.0328125
2 0.49296875 0.15625 0.0203125 0.03046875
8 0.59609375 0.15546875 0.0234375 0.03203125
6 0.6234375 0.6875 0.0265625 0.034375
6 0.59140625 0.65078125 0.025 0.0359375
6 0.5359375 0.63125 0.02734375 0.0359375
6 0.53046875 0.6078125 0.025 0.03359375
1 0.2890625 0.053125 0.01953125 0.03203125
6 0.846875 0.5375 0.025 0.034375
6 0.82578125 0.6421875 0.02421875 0.0421875
6 0.484375 0.75234375 0.02109375 0.034375
6 0.49296875 0.63984375 0.025 0.03828125
6 0.5 0.6140625 0.02421875 0.03828125
0 0.52109375 0.72109375 0.0265625 0.03671875
4 0.4921875 0.58203125 0.025 0.03828125
7 0.7484375 0.11484375 0.0203125 0.0296875