3 0.60546875 0.15546875 0.02265625 0.034375
8 0.4046875 0.15625 0.01953125 0.03203125
1 0.50546875 0.36484375 0.021875 0.0265625
0 0.503125 0.7484375 0.025 0.03828125
6 0.47109375 0.6375 0.02109375 0.03359375
6 0.51796875 0.63828125 0.0203125 0.03203125
6 0.48359375 0.6171875 0.01796875 0.01953125
6 0.5046875 0.5953125 0.01640625 0.01875
6 0.50546875 0.61875 0.01640625 0.01953125
2 0.50625 0.15703125 0.0203125 0.03203125
6 0.56328125 0.60390625 0.0234375 0.03203125
6 0.615625 0.60859375 0.02734375 0.03359375
6 0.546875 0.6796875 0.025 0.03984375
6 0.49765625 0.675 0.028125 0.03671875
6 0.47578125 0.68359375 0.02421875 0.02890625
6 0.49453125 0.63515625 0.01953125 0.03203125
6 0.37421875 0.815625 0.02734375 0.040625
7 0.36015625 0.73515625 0.0265625 0.04375
4 0.50546875 0.5703125 0.02109375 0.03203125