8 0.59453125 0.84296875 0.02265625 0.0328125
2 0.49375 0.84140625 0.01875 0.02734375
7 0.24765625 0.9125 0.02109375 0.03203125
3 0.39453125 0.84375 0.01796875 0.0296875
1 0.49453125 0.63359375 0.01953125 0.034375
4 0.49375 0.4140625 0.021875 0.03515625
0 0.4953125 0.24921875 0.0234375 0.03984375
6 0.85625 0.40546875 0.0234375 0.0390625
6 0.63515625 0.31953125 0.0265625 0.0390625
6 0.6109375 0.4078125 0.02421875 0.03828125
6 0.55078125 0.403125 0.02421875 0.03984375
6 0.49609375 0.45234375 0.02109375 0.03671875
6 0.4671875 0.428125 0.02265625 0.03828125