3 0.39453125 0.84453125 0.02265625 0.034375
8 0.5953125 0.84375 0.01953125 0.03203125
1 0.49453125 0.63515625 0.021875 0.0265625
2 0.48515625 0.84921875 0.0171875 0.028125
6 0.59609375 0.44609375 0.02421875 0.0359375
6 0.68671875 0.18359375 0.02578125 0.0359375
6 0.41484375 0.21484375 0.02421875 0.0375
6 0.43046875 0.27421875 0.0265625 0.03984375
6 0.515625 0.425 0.02734375 0.03203125
6 0.54921875 0.3421875 0.02265625 0.0375
6 0.52734375 0.3625 0.0203125 0.0296875
6 0.51953125 0.34765625 0.0203125 0.03125
6 0.47890625 0.409375 0.0265625 0.0359375
4 0.48671875 0.43125 0.02265625 0.03203125
6 0.503125 0.1625 0.02890625 0.02109375
0 0.571875 0.16328125 0.0265625 0.025
6 0.69296875 0.259375 0.028125 0.0328125
7 0.859375 0.2890625 0.0296875 0.0359375
6 0.484375 0.38125 0.02265625 0.03515625
6 0.46875 0.3140625 0.0265625 0.03828125
6 0.44765625 0.4015625 0.02421875 0.0328125
6 0.43984375 0.378125 0.0234375 0.034375