8 0.403125 0.15625 0.02421875 0.03046875
1 0.50390625 0.36484375 0.02109375 0.03359375
2 0.50546875 0.15625 0.021875 0.03359375
7 0.46015625 0.1234375 0.0234375 0.0328125
3 0.60546875 0.15546875 0.02109375 0.02890625
4 0.50390625 0.58515625 0.02421875 0.03515625
0 0.50390625 0.7515625 0.0234375 0.03984375
6 0.365625 0.6796875 0.028125 0.0390625
6 0.14296875 0.59375 0.02734375 0.0375
6 0.3890625 0.590625 0.02578125 0.03125
6 0.4484375 0.59609375 0.0265625 0.0390625
6 0.50625 0.5484375 0.02734375 0.04140625
6 0.53125 0.571875 0.01953125 0.0375