3 0.60625 0.15703125 0.02265625 0.0328125
2 0.50703125 0.15625 0.0203125 0.03046875
8 0.40390625 0.15546875 0.0234375 0.03203125
1 0.71796875 0.0484375 0.01875 0.034375
0 0.50390625 0.74609375 0.02578125 0.03984375
6 0.51875 0.775 0.02421875 0.0359375
6 0.5078125 0.6421875 0.0234375 0.0375
6 0.49921875 0.61328125 0.02421875 0.0375
6 0.46796875 0.61015625 0.02265625 0.0375
6 0.4625 0.634375 0.028125 0.04453125
6 0.409375 0.6515625 0.0234375 0.03828125
6 0.3765625 0.68828125 0.02578125 0.040625
6 0.175 0.64375 0.0203125 0.0359375
6 0.15234375 0.53671875 0.02578125 0.0375
7 0.17421875 0.59375 0.02890625 0.0375
4 0.50546875 0.5828125 0.025 0.0390625