8 0.59453125 0.84453125 0.02265625 0.0328125
3 0.39453125 0.84375 0.01796875 0.0296875
1 0.4953125 0.63359375 0.0234375 0.0375
6 0.5453125 0.34296875 0.021875 0.02890625
6 0.55234375 0.371875 0.02265625 0.03125
4 0.49375 0.4359375 0.02421875 0.0234375
0 0.53828125 0.175 0.025 0.04296875
7 0.35546875 0.746875 0.02265625 0.03359375
6 0.459375 0.3625 0.02265625 0.03671875
6 0.58828125 0.36328125 0.0234375 0.03515625
6 0.55546875 0.32109375 0.025 0.03984375
6 0.5921875 0.3859375 0.02578125 0.03046875
6 0.51875 0.346875 0.0234375 0.034375
6 0.43125 0.27265625 0.02421875 0.034375
6 0.64140625 0.43671875 0.021875 0.03671875
6 0.4984375 0.3765625 0.025 0.02578125
6 0.38203125 0.3515625 0.025 0.034375
6 0.48828125 0.39921875 0.028125 0.0203125
6 0.49375 0.41484375 0.0265625 0.015625
6 0.471875 0.2625 0.025 0.03359375
2 0.48671875 0.8484375 0.01875 0.02734375
6 0.46953125 0.375 0.02265625 0.02578125