8 0.3296875 0.88203125 0.02109375 0.03203125
7 0.40078125 0.9171875 0.02109375 0.034375
2 0.50546875 0.84375 0.0203125 0.03203125
3 0.60703125 0.84453125 0.0203125 0.03046875
1 0.50625 0.6328125 0.0234375 0.0328125
6 0.15390625 0.2890625 0.02734375 0.04140625
6 0.38203125 0.42890625 0.0265625 0.0421875
6 0.434375 0.321875 0.02578125 0.03828125
6 0.46640625 0.32265625 0.02578125 0.04375
6 0.5015625 0.3375 0.02109375 0.03515625
6 0.52421875 0.33984375 0.02421875 0.03828125
6 0.48671875 0.35703125 0.02265625 0.03359375
6 0.48203125 0.3796875 0.021875 0.0265625
6 0.50390625 0.37890625 0.02265625 0.028125
6 0.49375 0.396875 0.02421875 0.015625
6 0.51640625 0.39140625 0.02421875 0.02890625
6 0.50078125 0.41171875 0.0234375 0.0171875
6 0.58359375 0.39453125 0.02265625 0.0375
6 0.64453125 0.46875 0.02265625 0.03828125
0 0.5046875 0.2484375 0.025 0.04609375
4 0.8421875 0.4296875 0.02421875 0.03984375
6 0.5203125 0.3640625 0.02109375 0.0203125