8 0.40390625 0.84453125 0.02109375 0.0296875
2 0.50546875 0.84453125 0.0203125 0.0296875
3 0.60546875 0.84453125 0.0203125 0.02890625
1 0.5046875 0.63359375 0.02109375 0.03984375
4 0.53125 0.5125 0.025 0.0375
7 0.5515625 0.31328125 0.0234375 0.03515625
6 0.8625 0.32421875 0.0265625 0.0390625
6 0.70859375 0.44140625 0.02109375 0.04140625
6 0.621875 0.346875 0.02421875 0.0390625
6 0.571875 0.346875 0.021875 0.0390625
6 0.58984375 0.39140625 0.02265625 0.03203125
6 0.5078125 0.34453125 0.02109375 0.034375
6 0.496875 0.3609375 0.021875 0.0375
6 0.47421875 0.3375 0.025 0.03515625
6 0.50234375 0.38515625 0.0203125 0.03046875
6 0.4796875 0.37734375 0.0234375 0.0328125
6 0.24765625 0.35625 0.0265625 0.03671875
6 0.22109375 0.4921875 0.0234375 0.03046875
6 0.49375 0.425 0.021875 0.03046875
6 0.4953125 0.446875 0.02265625 0.0296875