8 0.5953125 0.84375 0.02109375 0.0328125
2 0.49375 0.8421875 0.02109375 0.03203125
3 0.39296875 0.8421875 0.021875 0.03359375
6 0.5234375 0.31640625 0.025 0.03671875
6 0.453125 0.32421875 0.02578125 0.0359375
6 0.503125 0.32421875 0.0265625 0.03515625
6 0.6265625 0.18359375 0.0234375 0.03828125
4 0.49609375 0.428125 0.0265625 0.028125
6 0.271875 0.33046875 0.02578125 0.03828125
1 0.49453125 0.63515625 0.02421875 0.03828125
6 0.52890625 0.36328125 0.02265625 0.03203125
6 0.50546875 0.3625 0.01875 0.03125
6 0.48359375 0.36171875 0.02265625 0.0328125
6 0.434375 0.39375 0.02578125 0.03828125
6 0.38359375 0.38984375 0.02421875 0.03671875
6 0.51640625 0.38515625 0.02421875 0.0171875
6 0.49296875 0.38515625 0.02265625 0.01875
6 0.50390625 0.396875 0.025 0.01640625
6 0.48125 0.39453125 0.02109375 0.02734375
6 0.49609375 0.40859375 0.02890625 0.0140625