8 0.4046875 0.84375 0.02109375 0.0328125
2 0.50625 0.8421875 0.02109375 0.03203125
3 0.6046875 0.8421875 0.021875 0.03359375
1 0.50625 0.63359375 0.02421875 0.03828125
6 0.35390625 0.18203125 0.02890625 0.04296875
0 0.3359375 0.20625 0.028125 0.0484375
7 0.540625 0.8890625 0.0234375 0.040625
6 0.30546875 0.58125 0.025 0.0359375
6 0.446875 0.3625 0.025 0.03671875
6 0.51953125 0.22265625 0.02421875 0.03828125
6 0.50703125 0.3609375 0.02265625 0.0359375
6 0.33671875 0.26640625 0.0296875 0.0390625
6 0.4828125 0.37421875 0.025 0.03671875
6 0.46796875 0.39140625 0.02578125 0.0328125
6 0.353125 0.28359375 0.025 0.034375
6 0.4921875 0.4265625 0.028125 0.0390625
4 0.54765625 0.57890625 0.0296875 0.04375
6 0.503125 0.3859375 0.02421875 0.028125
6 0.203125 0.25 0.0265625 0.040625
6 0.17421875 0.35625 0.02578125 0.04296875
6 0.1515625 0.4640625 0.0265625 0.040625