2 0.50546875 0.153125 0.01875 0.03203125
1 0.50390625 0.365625 0.02421875 0.03203125
7 0.21796875 0.1578125 0.02109375 0.03046875
8 0.2546875 0.31796875 0.02421875 0.03359375
3 0.6046875 0.15390625 0.01796875 0.025
6 0.14453125 0.59375 0.025 0.03671875
6 0.38984375 0.58984375 0.02734375 0.0390625
6 0.365625 0.67734375 0.0234375 0.0390625
6 0.44921875 0.596875 0.02578125 0.03984375
6 0.50546875 0.5484375 0.02421875 0.03671875
4 0.50390625 0.58359375 0.02421875 0.0390625
6 0.5296875 0.57421875 0.02421875 0.03515625
0 0.5046875 0.74765625 0.02421875 0.04140625