3 0.60546875 0.84453125 0.02265625 0.034375
8 0.4046875 0.84375 0.01953125 0.03203125
1 0.50546875 0.63515625 0.021875 0.0265625
7 0.11953125 0.246875 0.0328125 0.03984375
6 0.14609375 0.41328125 0.02734375 0.03046875
6 0.38984375 0.41015625 0.025 0.03046875
6 0.36484375 0.321875 0.025 0.0421875
6 0.45078125 0.40390625 0.02421875 0.040625
6 0.5296875 0.42890625 0.02109375 0.03203125
6 0.50390625 0.4515625 0.02265625 0.03203125
4 0.5046875 0.41640625 0.02265625 0.03828125
0 0.5046875 0.25078125 0.02421875 0.0359375
2 0.50625 0.84609375 0.01953125 0.021875