2 0.49375 0.15625 0.02265625 0.028125
8 0.67421875 0.11640625 0.02109375 0.034375
1 0.4765625 0.3875 0.01875 0.0359375
4 0.15859375 0.56875 0.02578125 0.034375
6 0.18828125 0.60546875 0.0234375 0.0390625
6 0.13984375 0.625 0.028125 0.0359375
3 0.39453125 0.15546875 0.02265625 0.034375
6 0.35703125 0.53046875 0.02578125 0.0359375
6 0.4171875 0.615625 0.0265625 0.04375
6 0.53828125 0.48828125 0.02265625 0.03984375
6 0.50625 0.6046875 0.02578125 0.03046875
6 0.51171875 0.634375 0.02265625 0.0328125
7 0.55390625 0.60625 0.021875 0.03828125
6 0.3109375 0.65078125 0.025 0.0328125
6 0.42265625 0.5265625 0.02734375 0.03984375