8 0.6046875 0.1453125 0.02265625 0.03125
3 0.28671875 0.0359375 0.02421875 0.0296875
7 0.35234375 0.04375 0.02265625 0.03671875
4 0.48359375 0.575 0.02421875 0.0421875
6 0.33984375 0.80625 0.02578125 0.04140625
6 0.23984375 0.696875 0.02578125 0.03984375
6 0.415625 0.784375 0.025 0.04140625
2 0.4953125 0.15546875 0.021875 0.0359375
6 0.3921875 0.80078125 0.0265625 0.0484375
6 0.51953125 0.65625 0.0203125 0.03125
6 0.296875 0.7046875 0.02421875 0.0375
6 0.54140625 0.70078125 0.025 0.03984375
6 0.23203125 0.55546875 0.0234375 0.03984375
6 0.3640625 0.5640625 0.0265625 0.04453125
6 0.50703125 0.634375 0.021875 0.03828125
6 0.52890625 0.6375 0.0203125 0.03125
1 0.5265625 0.50078125 0.02421875 0.03828125
6 0.21484375 0.83671875 0.025 0.03125
0 0.378125 0.8359375 0.02734375 0.03515625
6 0.51484375 0.7328125 0.0265625 0.04375