8 0.403125 0.15625 0.02421875 0.03046875
1 0.50390625 0.36484375 0.02109375 0.03359375
2 0.50546875 0.15625 0.021875 0.03359375
3 0.6046875 0.1546875 0.021875 0.03359375
6 0.61640625 0.61015625 0.025 0.04296875
6 0.565625 0.60625 0.0234375 0.03671875
6 0.54609375 0.678125 0.021875 0.03671875
6 0.49609375 0.67578125 0.02265625 0.0359375
6 0.47734375 0.6875 0.02265625 0.03828125
6 0.47109375 0.6359375 0.02421875 0.0359375
6 0.49375 0.63515625 0.0265625 0.0359375
6 0.51875 0.634375 0.0234375 0.0390625
6 0.51796875 0.609375 0.021875 0.03046875
6 0.50390625 0.5921875 0.02265625 0.0234375
6 0.4828125 0.61640625 0.01953125 0.0234375
6 0.375 0.81328125 0.028125 0.0359375
7 0.19453125 0.553125 0.025 0.04140625
0 0.5046875 0.74765625 0.02421875 0.0390625