8 0.59453125 0.84453125 0.02265625 0.0328125
3 0.39453125 0.84375 0.01796875 0.0296875
1 0.4953125 0.63359375 0.0234375 0.0375
6 0.49921875 0.34609375 0.02109375 0.0375
6 0.50546875 0.36484375 0.025 0.03203125
4 0.49296875 0.4265625 0.0234375 0.01953125
0 0.53828125 0.175 0.025 0.04296875
7 0.603125 0.6375 0.03046875 0.04296875
6 0.37109375 0.32734375 0.025 0.040625
6 0.54453125 0.3625 0.02578125 0.04140625
6 0.52109375 0.33671875 0.025 0.03984375
6 0.59140625 0.37890625 0.028125 0.0390625
6 0.48203125 0.3640625 0.0234375 0.03125
6 0.4578125 0.3625 0.02421875 0.034375
6 0.5171875 0.3828125 0.02109375 0.01796875
6 0.49609375 0.384375 0.02421875 0.015625
6 0.50546875 0.396875 0.02421875 0.0140625
6 0.4828125 0.39375 0.028125 0.0203125
6 0.49375 0.41171875 0.0265625 0.015625
6 0.4703125 0.34921875 0.025 0.03359375
2 0.48671875 0.8484375 0.01875 0.02734375
6 0.471875 0.38359375 0.021875 0.0140625