8 0.5953125 0.15703125 0.02109375 0.03203125
2 0.49453125 0.15625 0.0203125 0.03203125
1 0.49296875 0.365625 0.0234375 0.0328125
6 0.7421875 0.60703125 0.0265625 0.0421875
6 0.61953125 0.66953125 0.02578125 0.03828125
6 0.609375 0.59296875 0.02578125 0.0375
6 0.46953125 0.57265625 0.02109375 0.03515625
6 0.47890625 0.6875 0.02421875 0.03828125
6 0.4953125 0.54609375 0.021875 0.02890625
6 0.55 0.5984375 0.02421875 0.034375
4 0.49609375 0.5828125 0.021875 0.034375
7 0.34765625 0.61484375 0.025 0.03828125
3 0.39453125 0.15703125 0.01875 0.0265625
0 0.4953125 0.7515625 0.02578125 0.04375