8 0.40546875 0.15546875 0.02265625 0.0328125
2 0.50625 0.15859375 0.01875 0.02734375
3 0.60546875 0.15625 0.01796875 0.0296875
1 0.50703125 0.36796875 0.01953125 0.034375
6 0.47265625 0.63671875 0.0234375 0.0328125
6 0.54921875 0.65546875 0.02421875 0.0328125
6 0.49453125 0.63203125 0.02421875 0.02421875
4 0.50625 0.57421875 0.0234375 0.02734375
0 0.5046875 0.74921875 0.025 0.04296875
7 0.70390625 0.24921875 0.02578125 0.0390625
6 0.59765625 0.6609375 0.0234375 0.04296875
6 0.50546875 0.6515625 0.02421875 0.0375
6 0.4796875 0.66171875 0.025 0.03671875
6 0.39609375 0.68203125 0.0296875 0.0390625
6 0.51796875 0.6359375 0.02109375 0.0265625
6 0.54140625 0.6359375 0.0265625 0.03125
6 0.48359375 0.61796875 0.02109375 0.01640625
6 0.50625 0.6171875 0.02421875 0.015625
6 0.5296875 0.61640625 0.02578125 0.01640625
6 0.4921875 0.60390625 0.02421875 0.0140625
6 0.5171875 0.6046875 0.028125 0.01640625
6 0.50546875 0.5890625 0.0265625 0.0140625