8 0.60390625 0.8546875 0.02109375 0.03671875
2 0.49375 0.84375 0.02265625 0.0390625
7 0.64453125 0.47890625 0.0265625 0.040625
0 0.3765625 0.16484375 0.028125 0.02890625
6 0.45078125 0.2140625 0.028125 0.03828125
6 0.51484375 0.26875 0.0265625 0.0421875
6 0.52109375 0.3484375 0.021875 0.03359375
6 0.52890625 0.365625 0.01875 0.02578125
6 0.5078125 0.36953125 0.02109375 0.02890625
1 0.52578125 0.4984375 0.02421875 0.0421875
6 0.23125 0.44375 0.02265625 0.0390625
3 0.2875 0.9640625 0.0203125 0.03046875
6 0.36328125 0.43671875 0.0234375 0.0375
6 0.5171875 0.57109375 0.021875 0.03515625
4 0.49609375 0.41796875 0.025 0.03671875