8 0.59609375 0.84453125 0.02109375 0.0296875
2 0.49453125 0.84453125 0.0203125 0.0296875
3 0.39453125 0.84453125 0.0203125 0.02890625
1 0.4953125 0.63359375 0.0203125 0.034375
4 0.496875 0.42734375 0.021875 0.021875
0 0.496875 0.253125 0.02578125 0.03359375
6 0.6265625 0.18515625 0.02578125 0.0390625
6 0.27109375 0.3359375 0.021875 0.0328125
6 0.384375 0.3890625 0.0234375 0.03515625
6 0.434375 0.3953125 0.021875 0.0359375
6 0.4546875 0.32421875 0.02421875 0.0328125
6 0.503125 0.32265625 0.0203125 0.03828125
6 0.52421875 0.3125 0.021875 0.0390625
6 0.528125 0.36484375 0.02421875 0.03203125
6 0.50625 0.36328125 0.02265625 0.03671875
6 0.48203125 0.3625 0.0234375 0.03984375
6 0.5171875 0.38203125 0.0234375 0.0203125
6 0.49296875 0.3796875 0.0265625 0.0234375
6 0.5046875 0.39453125 0.02578125 0.0234375
6 0.48125 0.39140625 0.021875 0.0296875
6 0.496875 0.40859375 0.02421875 0.0234375