8 0.4046875 0.15625 0.02109375 0.0328125
2 0.50625 0.1578125 0.02109375 0.03203125
3 0.60703125 0.1578125 0.021875 0.03359375
7 0.5390625 0.63828125 0.028125 0.04453125
6 0.4625 0.63203125 0.025 0.03671875
6 0.46640625 0.61640625 0.021875 0.0328125
6 0.4953125 0.6359375 0.025 0.028125
4 0.4953125 0.6578125 0.02890625 0.0390625
1 0.50546875 0.36484375 0.02421875 0.03828125
6 0.5171875 0.63828125 0.01953125 0.0328125
6 0.48984375 0.60234375 0.0234375 0.03203125
6 0.515625 0.6140625 0.0234375 0.01640625
6 0.521875 0.60078125 0.0234375 0.02421875
6 0.50546875 0.5875 0.025 0.03125