8 0.59609375 0.1546875 0.02109375 0.03125
2 0.4859375 0.15078125 0.01796875 0.028125
3 0.34453125 0.10625 0.02421875 0.0296875
1 0.4953125 0.36328125 0.0234375 0.03984375
7 0.759375 0.20390625 0.02265625 0.03828125
4 0.48515625 0.57109375 0.02109375 0.034375
0 0.57734375 0.83671875 0.02578125 0.02890625
6 0.68671875 0.81484375 0.0265625 0.03984375
6 0.5140625 0.80546875 0.0234375 0.0390625
6 0.47109375 0.78671875 0.02421875 0.03984375
6 0.415625 0.784375 0.025 0.04140625
6 0.5953125 0.55859375 0.0203125 0.034375
6 0.6140625 0.6078125 0.02421875 0.0375
6 0.5671875 0.67109375 0.02265625 0.03671875
6 0.51953125 0.65625 0.0203125 0.03125
6 0.5140625 0.57578125 0.0203125 0.03046875
6 0.4765625 0.58984375 0.0234375 0.034375
6 0.4625 0.60859375 0.02109375 0.0359375
6 0.42421875 0.62421875 0.0234375 0.03984375
6 0.3625 0.57890625 0.0265625 0.04453125
6 0.50703125 0.634375 0.021875 0.03828125
6 0.52890625 0.6375 0.0203125 0.03125