8 0.32734375 0.11796875 0.02109375 0.03203125
7 0.73671875 0.4296875 0.0234375 0.0390625
2 0.50546875 0.15625 0.0203125 0.03203125
3 0.57421875 0.1234375 0.0203125 0.03046875
1 0.52265625 0.38671875 0.0234375 0.0328125
6 0.25859375 0.4125 0.02109375 0.03671875
6 0.38203125 0.57109375 0.0265625 0.0421875
6 0.45234375 0.6921875 0.02578125 0.03828125
6 0.46875 0.68046875 0.02578125 0.0375
6 0.5015625 0.6625 0.02109375 0.03515625
6 0.52421875 0.66015625 0.02421875 0.03828125
6 0.4890625 0.6484375 0.021875 0.02890625
6 0.48828125 0.62578125 0.021875 0.025
6 0.86015625 0.62578125 0.0265625 0.03515625
6 0.49375 0.60234375 0.02578125 0.02578125
6 0.815625 0.60703125 0.0265625 0.0375
6 0.46328125 0.4921875 0.02421875 0.034375
6 0.64453125 0.53125 0.02265625 0.03828125
0 0.5046875 0.7515625 0.025 0.04609375
4 0.8421875 0.5703125 0.02421875 0.03984375
6 0.5203125 0.6359375 0.02109375 0.0203125