8 0.4046875 0.84375 0.021875 0.0328125
2 0.50625 0.8421875 0.02109375 0.02890625
3 0.6046875 0.8421875 0.021875 0.03359375
1 0.50546875 0.6328125 0.02109375 0.03671875
7 0.15703125 0.41640625 0.0265625 0.046875
6 0.37421875 0.184375 0.02578125 0.04453125
0 0.5046875 0.25078125 0.025 0.0453125
4 0.5046875 0.43125 0.0234375 0.0234375
6 0.47578125 0.315625 0.02421875 0.03671875
6 0.496875 0.325 0.021875 0.034375
6 0.546875 0.32109375 0.0234375 0.0359375
6 0.61640625 0.38828125 0.02578125 0.040625
6 0.565625 0.39453125 0.0234375 0.03984375
6 0.4703125 0.36171875 0.0234375 0.034375
6 0.49453125 0.3640625 0.02109375 0.03203125
6 0.5171875 0.3625 0.025 0.03515625
6 0.48359375 0.38515625 0.02421875 0.01484375
6 0.5078125 0.3859375 0.02421875 0.0140625
6 0.51953125 0.3921875 0.0203125 0.0296875
6 0.49453125 0.3984375 0.0296875 0.015625
6 0.5046875 0.41171875 0.0265625 0.015625