8 0.40546875 0.84453125 0.02265625 0.0328125
2 0.5078125 0.84375 0.01875 0.02734375
3 0.60546875 0.84375 0.01796875 0.0296875
1 0.50703125 0.63203125 0.01953125 0.034375
6 0.47265625 0.36328125 0.0234375 0.0328125
6 0.49453125 0.36796875 0.02421875 0.02421875
4 0.50625 0.42578125 0.0234375 0.02734375
0 0.5046875 0.25078125 0.025 0.04296875
7 0.56875 0.73671875 0.025 0.03671875
6 0.3671875 0.3625 0.02265625 0.03671875
6 0.50546875 0.3484375 0.02421875 0.0375
6 0.48125 0.33828125 0.025 0.03671875
6 0.38828125 0.3484375 0.0296875 0.0390625
6 0.51796875 0.3640625 0.02109375 0.0265625
6 0.54140625 0.3640625 0.0265625 0.03125
6 0.48359375 0.38203125 0.02109375 0.01640625
6 0.50625 0.3828125 0.02421875 0.015625
6 0.5296875 0.38359375 0.02578125 0.01640625
6 0.4921875 0.39609375 0.02421875 0.0140625
6 0.5171875 0.3953125 0.028125 0.01640625
6 0.50546875 0.4109375 0.0265625 0.0140625
6 0.5296875 0.34296875 0.02421875 0.0328125