8 0.4046875 0.84609375 0.02109375 0.03046875
2 0.51484375 0.84609375 0.01796875 0.0296875
3 0.60703125 0.84375 0.025 0.03046875
1 0.5046875 0.6328125 0.0203125 0.03359375
6 0.30703125 0.25859375 0.02421875 0.03984375
0 0.4265625 0.1625 0.025 0.03046875
4 0.51328125 0.43671875 0.025 0.02734375
7 0.23203125 0.24453125 0.028125 0.05078125
6 0.3140625 0.184375 0.0265625 0.04375
6 0.49140625 0.3890625 0.02109375 0.0328125
6 0.40390625 0.4421875 0.025 0.03515625
6 0.56953125 0.2703125 0.02421875 0.040625
6 0.58515625 0.2171875 0.02578125 0.04140625
6 0.4796875 0.3453125 0.025 0.03671875
6 0.49609375 0.1625 0.0265625 0.0296875
6 0.45078125 0.34140625 0.0265625 0.03984375
6 0.47265625 0.36796875 0.025 0.021875
6 0.50625 0.37265625 0.0234375 0.0359375
6 0.52890625 0.37421875 0.02265625 0.03046875
6 0.48515625 0.42734375 0.021875 0.03359375
6 0.51484375 0.3984375 0.021875 0.01953125
6 0.521875 0.4125 0.02421875 0.02421875