8 0.59609375 0.84453125 0.0203125 0.03125
7 0.41875 0.47734375 0.028125 0.03984375
2 0.4609375 0.90234375 0.0203125 0.03125
3 0.3953125 0.84140625 0.02421875 0.0328125
1 0.49453125 0.634375 0.02265625 0.0359375
6 0.5046875 0.35625 0.02109375 0.034375
6 0.48046875 0.359375 0.02265625 0.0359375
6 0.49375 0.38515625 0.02265625 0.0234375
6 0.4796875 0.390625 0.01953125 0.03359375
6 0.51484375 0.3828125 0.0203125 0.02265625
6 0.49296875 0.40859375 0.0234375 0.02734375
4 0.49140625 0.43125 0.025 0.01953125
6 0.14375 0.340625 0.02578125 0.040625
6 0.80078125 0.5265625 0.0265625 0.0421875
6 0.5265625 0.40078125 0.0234375 0.03203125
0 0.4953125 0.25 0.02578125 0.04375
6 0.4328125 0.746875 0.0203125 0.03046875