2 0.50546875 0.153125 0.01875 0.03203125
6 0.49296875 0.63359375 0.02109375 0.0375
6 0.47109375 0.640625 0.021875 0.0390625
6 0.48125 0.65703125 0.0234375 0.03046875
6 0.66171875 0.8078125 0.02734375 0.0421875
8 0.3953125 0.14765625 0.01953125 0.025
6 0.7671875 0.55703125 0.02265625 0.03828125
6 0.63515625 0.56171875 0.02578125 0.0421875
0 0.62421875 0.834375 0.025 0.034375
3 0.71328125 0.03203125 0.02109375 0.03046875
6 0.48671875 0.72734375 0.0265625 0.04453125
6 0.55 0.7859375 0.02578125 0.04375
6 0.78359375 0.834375 0.02890625 0.028125
4 0.5046875 0.5828125 0.028125 0.0421875
7 0.38203125 0.5609375 0.02265625 0.04375
6 0.48359375 0.42890625 0.02109375 0.03671875
1 0.4734375 0.49453125 0.0203125 0.03359375