8 0.60859375 0.828125 0.01875 0.03125
2 0.49453125 0.84296875 0.01953125 0.0296875
3 0.3953125 0.8421875 0.01875 0.0359375
1 0.49453125 0.63515625 0.02265625 0.0359375
7 0.60234375 0.85390625 0.021875 0.03515625
6 0.85546875 0.40703125 0.02421875 0.040625
0 0.4953125 0.25078125 0.02578125 0.040625
4 0.49375 0.41640625 0.02265625 0.0359375
6 0.634375 0.321875 0.02734375 0.0390625
6 0.61015625 0.409375 0.025 0.04296875
6 0.55 0.40078125 0.025 0.04296875
6 0.4671875 0.4265625 0.0265625 0.040625
6 0.49453125 0.45078125 0.021875 0.03984375