8 0.5953125 0.84375 0.02109375 0.0328125
2 0.49375 0.8421875 0.02109375 0.03203125
3 0.3953125 0.8421875 0.021875 0.03359375
1 0.49375 0.63359375 0.02421875 0.03828125
6 0.64609375 0.18203125 0.02890625 0.04296875
0 0.6640625 0.20625 0.028125 0.0484375
7 0.475 0.66484375 0.0234375 0.03984375
6 0.69453125 0.58125 0.025 0.0359375
6 0.553125 0.3625 0.025 0.03671875
6 0.48046875 0.22265625 0.02421875 0.03828125
6 0.49296875 0.3609375 0.02265625 0.0359375
6 0.66328125 0.26640625 0.0296875 0.0390625
6 0.5171875 0.37421875 0.025 0.03671875
6 0.53203125 0.39140625 0.02578125 0.0328125
6 0.646875 0.28359375 0.025 0.034375
6 0.5078125 0.4265625 0.028125 0.0390625
4 0.45234375 0.57890625 0.0296875 0.04375
6 0.496875 0.3859375 0.02421875 0.028125
6 0.796875 0.25 0.0265625 0.040625
6 0.82578125 0.35625 0.02578125 0.04296875
6 0.8484375 0.4640625 0.0265625 0.040625