8 0.40390625 0.15546875 0.02109375 0.0296875
2 0.50546875 0.15546875 0.0203125 0.0296875
3 0.60546875 0.15546875 0.0203125 0.02890625
1 0.50546875 0.36640625 0.02578125 0.034375
7 0.4734375 0.54140625 0.02890625 0.03828125
6 0.37421875 0.81328125 0.02578125 0.040625
6 0.565625 0.6078125 0.0265625 0.0375
6 0.47265625 0.63671875 0.02578125 0.03046875
6 0.4953125 0.63984375 0.01953125 0.03515625
6 0.5171875 0.6375 0.0234375 0.0328125
6 0.4828125 0.61328125 0.02578125 0.0203125
6 0.50625 0.61484375 0.021875 0.0203125
6 0.4953125 0.60234375 0.025 0.01640625
6 0.51640625 0.60546875 0.02578125 0.02578125
6 0.50390625 0.58984375 0.0234375 0.0203125
0 0.50234375 0.74765625 0.02734375 0.0421875