1 0.50546875 0.634375 0.021875 0.034375
3 0.60546875 0.84375 0.0234375 0.03203125
2 0.50546875 0.8453125 0.02265625 0.03359375
8 0.40390625 0.84609375 0.02109375 0.0328125
7 0.7890625 0.8328125 0.025 0.0421875
0 0.50390625 0.25 0.0265625 0.04140625
4 0.50546875 0.42265625 0.025 0.021875
6 0.38203125 0.4265625 0.02734375 0.03828125
6 0.48359375 0.3375 0.025 0.034375
6 0.56015625 0.340625 0.02578125 0.0390625
6 0.50625 0.35078125 0.02421875 0.03125
6 0.52890625 0.3484375 0.02265625 0.034375
6 0.471875 0.36484375 0.02890625 0.03125
6 0.496875 0.36796875 0.02265625 0.025
6 0.51953125 0.36328125 0.0203125 0.0296875
6 0.540625 0.365625 0.01953125 0.02734375
6 0.484375 0.38515625 0.02265625 0.0140625
6 0.5078125 0.384375 0.02421875 0.01328125
6 0.5296875 0.38515625 0.025 0.01328125
6 0.49375 0.39609375 0.02421875 0.0125
6 0.51640625 0.39765625 0.021875 0.0125
6 0.50546875 0.409375 0.0265625 0.0125