3 0.60703125 0.15625 0.021875 0.03671875
2 0.50546875 0.15703125 0.02109375 0.02578125
0 0.5046875 0.75 0.02421875 0.040625
1 0.50546875 0.3640625 0.02109375 0.02890625
6 0.3828125 0.57109375 0.0203125 0.03828125
6 0.5234375 0.659375 0.02109375 0.03125
6 0.50234375 0.66015625 0.0234375 0.0328125
6 0.48671875 0.64296875 0.0203125 0.03515625
6 0.52109375 0.6375 0.0234375 0.02421875
6 0.4828125 0.62265625 0.02421875 0.0265625
6 0.5078125 0.625 0.02265625 0.034375
6 0.49453125 0.60390625 0.025 0.01875
6 0.515625 0.60859375 0.021875 0.02890625
6 0.50078125 0.5859375 0.02421875 0.01875
6 0.5828125 0.60703125 0.025 0.040625
6 0.64296875 0.53203125 0.02109375 0.0359375
6 0.4359375 0.67734375 0.02265625 0.040625
6 0.4640625 0.67890625 0.02265625 0.03984375
4 0.84140625 0.5703125 0.02734375 0.03828125
8 0.37421875 0.12890625 0.021875 0.03125
7 0.3984375 0.14140625 0.0203125 0.03828125
6 0.15546875 0.71015625 0.02421875 0.0359375