2 0.4609375 0.90234375 0.0171875 0.02734375
8 0.59609375 0.84453125 0.0203125 0.03203125
3 0.39453125 0.8421875 0.01875 0.02578125
7 0.50625 0.753125 0.021875 0.03046875
6 0.43203125 0.74375 0.01875 0.02890625
1 0.49375 0.63515625 0.0171875 0.03125
6 0.8890625 0.15625 0.0234375 0.034375
0 0.29921875 0.1734375 0.025 0.03984375
6 0.2421875 0.203125 0.0234375 0.03984375
6 0.14296875 0.340625 0.025 0.040625
4 0.49140625 0.42109375 0.01796875 0.028125
6 0.51328125 0.41015625 0.02265625 0.03671875
6 0.52265625 0.3984375 0.02421875 0.02734375
6 0.4953125 0.40390625 0.0203125 0.0296875
6 0.47578125 0.39375 0.01953125 0.034375
6 0.49296875 0.37890625 0.025 0.02734375
6 0.5171875 0.37734375 0.028125 0.034375
6 0.5046875 0.35390625 0.02734375 0.034375
6 0.48125 0.36171875 0.0234375 0.028125
6 0.44765625 0.34921875 0.01953125 0.03671875