3 0.39375 0.84296875 0.02265625 0.0328125
2 0.49296875 0.84375 0.0203125 0.03046875
8 0.59609375 0.84453125 0.0234375 0.03203125
6 0.6234375 0.3125 0.0265625 0.034375
6 0.59140625 0.34921875 0.025 0.0359375
6 0.5359375 0.36875 0.02734375 0.0359375
6 0.53046875 0.3921875 0.025 0.03359375
1 0.2890625 0.946875 0.01953125 0.03203125
6 0.846875 0.4625 0.025 0.034375
6 0.82578125 0.3578125 0.02421875 0.0421875
6 0.484375 0.24765625 0.02109375 0.034375
6 0.49296875 0.36015625 0.025 0.03828125
6 0.5 0.3859375 0.02421875 0.03828125
0 0.52109375 0.27890625 0.0265625 0.03671875
4 0.4921875 0.41796875 0.025 0.03828125
7 0.7140625 0.91328125 0.0203125 0.03203125