8 0.40390625 0.8453125 0.02109375 0.03125
3 0.65546875 0.89375 0.02421875 0.0296875
7 0.4171875 0.92109375 0.0234375 0.034375
4 0.51640625 0.425 0.02421875 0.0421875
6 0.66015625 0.19375 0.02578125 0.04140625
6 0.66328125 0.34765625 0.02421875 0.03984375
6 0.584375 0.215625 0.025 0.04140625
2 0.5046875 0.84453125 0.021875 0.0359375
6 0.58046875 0.8609375 0.0203125 0.02890625
6 0.48046875 0.34375 0.0203125 0.03125
6 0.18671875 0.45390625 0.02734375 0.0421875
6 0.54453125 0.7296875 0.0234375 0.0359375
6 0.57578125 0.37578125 0.0234375 0.03984375
6 0.64296875 0.43203125 0.0265625 0.04453125
6 0.49296875 0.365625 0.021875 0.03828125
6 0.47109375 0.3625 0.0203125 0.03125
1 0.503125 0.63515625 0.021875 0.03671875
6 0.7828125 0.16328125 0.02109375 0.03125
0 0.4234375 0.165625 0.02734375 0.03515625
6 0.3140625 0.1859375 0.0234375 0.03984375