2 0.4953125 0.84375 0.0203125 0.03046875
0 0.49609375 0.2515625 0.0265625 0.03359375
8 0.5953125 0.84296875 0.021875 0.03125
3 0.39375 0.84375 0.021875 0.0296875
1 0.49453125 0.63125 0.021875 0.03359375
7 0.3609375 0.4796875 0.02421875 0.040625
6 0.4703125 0.4296875 0.025 0.03828125
6 0.49453125 0.44921875 0.02421875 0.03515625
6 0.61171875 0.409375 0.021875 0.0390625
6 0.5515625 0.40390625 0.02734375 0.03515625
6 0.584375 0.36796875 0.025 0.03828125
6 0.50703125 0.36328125 0.02421875 0.040625
6 0.4828125 0.36015625 0.02578125 0.040625