8 0.40390625 0.15546875 0.02109375 0.0296875
2 0.50546875 0.15546875 0.0203125 0.0296875
3 0.60546875 0.15546875 0.0203125 0.02890625
1 0.5046875 0.36640625 0.02109375 0.03984375
7 0.5515625 0.6875 0.0203125 0.0375
4 0.53828125 0.4578125 0.0234375 0.0375
6 0.76328125 0.53359375 0.0203125 0.034375
6 0.771875 0.6859375 0.02265625 0.040625
6 0.63984375 0.6546875 0.0234375 0.0375
6 0.57421875 0.65390625 0.021875 0.0359375
6 0.59453125 0.60625 0.0234375 0.03125
6 0.47578125 0.6625 0.02265625 0.0375
6 0.49609375 0.6375 0.021875 0.03125
6 0.50703125 0.65234375 0.021875 0.0359375
6 0.4796875 0.621875 0.021875 0.0375
6 0.50234375 0.61640625 0.025 0.0359375
6 0.49296875 0.575 0.0234375 0.0359375
6 0.4953125 0.54609375 0.0234375 0.028125
6 0.171875 0.64296875 0.02578125 0.0421875
6 0.17890625 0.475 0.02265625 0.040625