8 0.60390625 0.8546875 0.0203125 0.03046875
2 0.49375 0.84453125 0.021875 0.03515625
7 0.459375 0.6015625 0.0265625 0.0390625
3 0.28671875 0.96484375 0.02109375 0.025
0 0.37734375 0.1671875 0.025 0.03125
1 0.52734375 0.50078125 0.02421875 0.03515625
6 0.2140625 0.1625 0.02421875 0.0296875
6 0.33828125 0.1953125 0.02578125 0.0421875
6 0.4515625 0.2140625 0.02578125 0.04375
6 0.51328125 0.26953125 0.02421875 0.03984375
6 0.51953125 0.34609375 0.02109375 0.034375
6 0.50703125 0.36875 0.01953125 0.034375
6 0.528125 0.36640625 0.01875 0.0203125
4 0.49453125 0.41875 0.0234375 0.04140625
6 0.7375 0.6140625 0.02265625 0.0375
6 0.3640625 0.4359375 0.01953125 0.03828125