8 0.40390625 0.15546875 0.0203125 0.03125
7 0.35703125 0.64140625 0.02421875 0.03359375
2 0.53828125 0.1 0.0203125 0.03125
3 0.6046875 0.15859375 0.02421875 0.0328125
6 0.5671875 0.25390625 0.02421875 0.03671875
1 0.50546875 0.365625 0.02265625 0.0359375
6 0.85625 0.659375 0.02421875 0.0359375
6 0.7578125 0.79296875 0.0265625 0.03984375
0 0.70078125 0.8265625 0.0265625 0.03984375
6 0.55390625 0.65234375 0.02265625 0.03359375
6 0.4953125 0.6453125 0.0203125 0.0328125
6 0.51796875 0.63984375 0.02265625 0.034375
6 0.48046875 0.62265625 0.0203125 0.03203125
6 0.50703125 0.615625 0.02109375 0.02265625
6 0.52421875 0.6078125 0.02109375 0.0296875
6 0.4765625 0.59921875 0.025 0.0265625
6 0.4859375 0.590625 0.02265625 0.02734375
6 0.50390625 0.5921875 0.01875 0.02578125
4 0.5078125 0.57265625 0.021875 0.0171875