3 0.60546875 0.15546875 0.02265625 0.034375
8 0.4046875 0.15625 0.01953125 0.03203125
1 0.50546875 0.36484375 0.021875 0.0265625
7 0.4578125 0.05703125 0.02109375 0.02578125
2 0.50625 0.15546875 0.0171875 0.0265625
6 0.14375 0.58984375 0.0234375 0.034375
6 0.36640625 0.67734375 0.028125 0.03984375
6 0.3875 0.5890625 0.0265625 0.04375
6 0.45078125 0.6 0.0234375 0.03671875
6 0.61640625 0.5921875 0.02109375 0.04140625
6 0.53203125 0.5703125 0.0234375 0.03515625
6 0.50546875 0.5484375 0.02421875 0.03125
4 0.50546875 0.584375 0.0234375 0.0328125
0 0.50390625 0.74765625 0.02421875 0.03828125