8 0.6734375 0.11875 0.02265625 0.0328125
2 0.49375 0.15859375 0.01875 0.02734375
7 0.371875 0.66171875 0.02890625 0.04296875
3 0.39453125 0.15625 0.01796875 0.0296875
1 0.47734375 0.390625 0.01953125 0.034375
6 0.35546875 0.53046875 0.0234375 0.0390625
6 0.18671875 0.60703125 0.02421875 0.0328125
6 0.309375 0.65234375 0.02734375 0.0390625
4 0.15703125 0.57109375 0.02578125 0.03984375
6 0.13984375 0.628125 0.02109375 0.034375
6 0.53671875 0.49296875 0.01953125 0.0359375
0 0.496875 0.74609375 0.025 0.0390625