8 0.40390625 0.15546875 0.02109375 0.0296875
2 0.50546875 0.15546875 0.0203125 0.0296875
3 0.60546875 0.15546875 0.0203125 0.02890625
1 0.5046875 0.36640625 0.02109375 0.03984375
4 0.50625 0.57734375 0.0234375 0.021875
6 0.4703125 0.634375 0.02265625 0.0296875
6 0.47578125 0.66015625 0.02109375 0.03046875
6 0.5078125 0.65390625 0.02109375 0.0328125
6 0.5265625 0.68046875 0.025 0.03828125
6 0.5296875 0.64921875 0.02265625 0.03515625
6 0.54140625 0.63828125 0.0203125 0.0328125
6 0.4953125 0.6375 0.02265625 0.03515625
7 0.14609375 0.5890625 0.02578125 0.03515625
0 0.5046875 0.75 0.028125 0.03828125
6 0.52734375 0.61953125 0.0203125 0.028125
6 0.50703125 0.6234375 0.021875 0.02890625
6 0.48359375 0.61953125 0.02109375 0.02109375
6 0.51484375 0.6078125 0.02109375 0.03046875
6 0.49453125 0.60703125 0.02109375 0.02578125
6 0.5046875 0.59453125 0.02578125 0.0203125