2 0.50546875 0.15703125 0.02109375 0.02578125
0 0.5046875 0.75 0.02421875 0.040625
1 0.50546875 0.3640625 0.02109375 0.02890625
8 0.325 0.11640625 0.01953125 0.03203125
6 0.38125 0.56953125 0.0234375 0.03203125
6 0.64375 0.53203125 0.01953125 0.03125
6 0.49453125 0.60546875 0.01640625 0.03359375
6 0.48828125 0.6328125 0.0203125 0.025
6 0.48828125 0.6515625 0.02109375 0.02890625
6 0.5203125 0.6359375 0.02109375 0.02734375
6 0.52578125 0.65859375 0.025 0.0328125
6 0.5015625 0.66640625 0.0234375 0.03828125
6 0.46640625 0.675 0.02265625 0.03359375
6 0.43671875 0.678125 0.02421875 0.03359375
4 0.8421875 0.571875 0.028125 0.0390625
6 0.6109375 0.58046875 0.02265625 0.0328125
6 0.46484375 0.49453125 0.03046875 0.03671875
7 0.32890625 0.8234375 0.0296875 0.04453125
6 0.81328125 0.60546875 0.02890625 0.040625
6 0.85859375 0.62265625 0.025 0.0359375
6 0.6859375 0.11796875 0.02109375 0.0296875
3 0.578125 0.1296875 0.0203125 0.03125