8 0.5953125 0.84609375 0.02109375 0.034375
2 0.4953125 0.84296875 0.01796875 0.0296875
3 0.39609375 0.84296875 0.01875 0.03125
7 0.53671875 0.64375 0.02265625 0.03671875
1 0.49375 0.6328125 0.01953125 0.034375
0 0.49609375 0.2515625 0.02421875 0.0390625
6 0.61015625 0.21640625 0.025 0.03828125
6 0.159375 0.340625 0.02265625 0.03515625
6 0.5234375 0.31484375 0.02109375 0.03359375
6 0.453125 0.321875 0.02109375 0.03359375
6 0.434375 0.39453125 0.0234375 0.03359375
6 0.384375 0.38828125 0.0203125 0.03515625
6 0.52734375 0.36171875 0.021875 0.0328125
6 0.50625 0.36171875 0.0234375 0.03515625
6 0.4828125 0.36171875 0.0234375 0.03828125
6 0.496875 0.41015625 0.02109375 0.01875
6 0.48125 0.3953125 0.02109375 0.01796875
6 0.51328125 0.3859375 0.01640625 0.01328125
6 0.4921875 0.38515625 0.02109375 0.0109375
6 0.50078125 0.3984375 0.02109375 0.009375
4 0.49453125 0.4296875 0.0234375 0.021875