2 0.49375 0.84375 0.02265625 0.028125
3 0.39453125 0.84453125 0.02265625 0.034375
8 0.6734375 0.88203125 0.01953125 0.0296875
1 0.47734375 0.61171875 0.02109375 0.040625
6 0.53828125 0.51015625 0.02109375 0.03671875
6 0.35546875 0.46875 0.021875 0.0390625
6 0.1875 0.39609375 0.0265625 0.03203125
6 0.140625 0.3765625 0.0234375 0.03515625
6 0.41796875 0.384375 0.02421875 0.0390625
6 0.5125 0.36796875 0.025 0.0390625
4 0.1578125 0.43046875 0.02734375 0.03125
0 0.496875 0.25078125 0.0234375 0.04453125
6 0.421875 0.4765625 0.02421875 0.03828125
6 0.309375 0.3484375 0.02578125 0.03984375
7 0.6109375 0.3140625 0.0296875 0.0359375