2 0.50546875 0.84296875 0.02109375 0.02578125
0 0.5046875 0.25 0.02421875 0.040625
1 0.50546875 0.6359375 0.02109375 0.02890625
8 0.4046875 0.84453125 0.02109375 0.02734375
8 0.60625 0.8453125 0.021875 0.03203125
7 0.69296875 0.46484375 0.0234375 0.0375
6 0.53046875 0.42890625 0.021875 0.040625
6 0.50625 0.45078125 0.02421875 0.03359375
6 0.3875 0.4125 0.0265625 0.03359375
6 0.41640625 0.36953125 0.021875 0.03203125
6 0.44921875 0.403125 0.02421875 0.03203125
6 0.4953125 0.3640625 0.02265625 0.034375
6 0.51875 0.3609375 0.02421875 0.040625