8 0.59609375 0.84453125 0.02109375 0.0296875
2 0.49453125 0.84453125 0.0203125 0.0296875
3 0.39453125 0.84453125 0.0203125 0.02890625
1 0.4953125 0.63359375 0.02109375 0.03984375
7 0.4484375 0.3125 0.0203125 0.0375
4 0.46171875 0.5421875 0.0234375 0.0375
6 0.23671875 0.46640625 0.0203125 0.034375
6 0.228125 0.3140625 0.02265625 0.040625
6 0.36015625 0.3453125 0.0234375 0.0375
6 0.42578125 0.34609375 0.021875 0.0359375
6 0.40546875 0.39375 0.0234375 0.03125
6 0.52421875 0.3375 0.02265625 0.0375
6 0.50390625 0.3625 0.021875 0.03125
6 0.49296875 0.34765625 0.021875 0.0359375
6 0.5203125 0.378125 0.021875 0.0375
6 0.49765625 0.38359375 0.025 0.0359375
6 0.50703125 0.425 0.0234375 0.0359375
6 0.5046875 0.45390625 0.0234375 0.028125
6 0.828125 0.35703125 0.02578125 0.0421875
6 0.82109375 0.525 0.02265625 0.040625