8 0.5953125 0.15625 0.01953125 0.03203125
1 0.49453125 0.36484375 0.021875 0.0265625
2 0.48515625 0.15078125 0.0171875 0.028125
6 0.59609375 0.55390625 0.02421875 0.0359375
6 0.68671875 0.81640625 0.02578125 0.0359375
6 0.41484375 0.78515625 0.02421875 0.0375
6 0.515625 0.575 0.02734375 0.03203125
6 0.54921875 0.6578125 0.02265625 0.0375
6 0.52734375 0.6375 0.0203125 0.0296875
6 0.51953125 0.65234375 0.0203125 0.03125
4 0.48671875 0.56875 0.02265625 0.03203125
6 0.503125 0.8375 0.02890625 0.02109375
0 0.571875 0.83671875 0.0265625 0.025
6 0.69296875 0.740625 0.028125 0.0328125
6 0.40859375 0.73828125 0.02734375 0.0390625
6 0.42265625 0.62265625 0.02421875 0.0359375
6 0.47734375 0.5875 0.021875 0.02890625
6 0.4703125 0.7859375 0.025 0.0421875
6 0.4640625 0.60625 0.02421875 0.034375
6 0.503125 0.62890625 0.0265625 0.0328125
3 0.3515625 0.109375 0.01953125 0.025
7 0.65703125 0.365625 0.0234375 0.03203125