3 0.60625 0.15703125 0.02265625 0.0328125
2 0.50703125 0.15625 0.0203125 0.03046875
8 0.40390625 0.15546875 0.0234375 0.03203125
6 0.1734375 0.64296875 0.02578125 0.03203125
6 0.1515625 0.53359375 0.0265625 0.0359375
6 0.3765625 0.6875 0.0265625 0.034375
6 0.40859375 0.65078125 0.025 0.0359375
6 0.50703125 0.640625 0.02265625 0.0421875
6 0.4640625 0.63125 0.02734375 0.0359375
6 0.4984375 0.6109375 0.02734375 0.034375
6 0.46953125 0.6078125 0.025 0.03359375
6 0.51875 0.7578125 0.025 0.03671875
4 0.50625 0.5828125 0.0234375 0.03671875
0 0.50234375 0.74296875 0.025 0.03671875
7 0.51328125 0.790625 0.028125 0.04296875
1 0.7109375 0.053125 0.01953125 0.03203125