8 0.5953125 0.15625 0.02109375 0.0328125
2 0.49375 0.1578125 0.02109375 0.03203125
3 0.39296875 0.1578125 0.021875 0.03359375
7 0.66328125 0.7046875 0.028125 0.04453125
6 0.5375 0.63203125 0.025 0.03671875
6 0.53203125 0.60859375 0.02578125 0.0328125
6 0.50703125 0.615625 0.0265625 0.03515625
0 0.49453125 0.75 0.0265625 0.04296875
6 0.84921875 0.5359375 0.0234375 0.03828125
4 0.4953125 0.5828125 0.02890625 0.03828125
6 0.5703125 0.45 0.02578125 0.03828125
1 0.2921875 0.05390625 0.02421875 0.03828125