2 0.49453125 0.84453125 0.01953125 0.03125
3 0.39609375 0.84453125 0.0203125 0.03203125
4 0.49765625 0.4328125 0.03125 0.04296875
8 0.5953125 0.84375 0.01953125 0.03046875
7 0.6484375 0.3828125 0.02734375 0.0359375
1 0.49609375 0.634375 0.0234375 0.0359375
6 0.4328125 0.39453125 0.02734375 0.03515625
6 0.62578125 0.18203125 0.02578125 0.03671875
6 0.52578125 0.3640625 0.0234375 0.0359375
6 0.4953125 0.41171875 0.025 0.01796875
6 0.50546875 0.36640625 0.021875 0.03359375
6 0.51640625 0.384375 0.0234375 0.0171875
6 0.48359375 0.3640625 0.02421875 0.03046875
6 0.48359375 0.39140625 0.02578125 0.02890625
6 0.5046875 0.3953125 0.0296875 0.0234375
6 0.54453125 0.35 0.025 0.03984375