7 0.66484375 0.51796875 0.02734375 0.0390625
2 0.46171875 0.90234375 0.01953125 0.03125
3 0.39609375 0.84453125 0.0203125 0.03203125
1 0.49609375 0.6359375 0.02265625 0.03515625
6 0.8390625 0.3984375 0.025 0.0421875
6 0.14296875 0.340625 0.0265625 0.034375
6 0.57421875 0.4140625 0.0234375 0.03515625
4 0.490625 0.4328125 0.025 0.02265625
6 0.5078125 0.39765625 0.0234375 0.03125
6 0.48984375 0.41015625 0.02578125 0.03203125
6 0.3421875 0.44296875 0.02265625 0.03671875
0 0.4953125 0.25234375 0.025 0.040625