3 0.7484375 0.92734375 0.02109375 0.0296875
8 0.5953125 0.8453125 0.021875 0.0359375
2 0.49453125 0.8453125 0.02109375 0.034375
1 0.49765625 0.63359375 0.02421875 0.03671875
7 0.23515625 0.6828125 0.02734375 0.04296875
0 0.49609375 0.24921875 0.02421875 0.0421875
4 0.49375 0.425 0.02109375 0.0234375
6 0.465625 0.346875 0.02421875 0.03671875
6 0.52890625 0.36015625 0.02109375 0.0359375
6 0.50703125 0.3625 0.02109375 0.0359375
6 0.48359375 0.3609375 0.021875 0.03828125
6 0.45390625 0.3625 0.0234375 0.03984375
6 0.51640625 0.3875 0.021875 0.015625
6 0.49296875 0.3859375 0.02578125 0.01640625
6 0.5046875 0.39921875 0.02578125 0.0171875
6 0.48203125 0.39375 0.02265625 0.0234375
6 0.4953125 0.41015625 0.02421875 0.01484375