8 0.4046875 0.84375 0.02109375 0.0328125
2 0.50625 0.8421875 0.02109375 0.03203125
3 0.60703125 0.8421875 0.021875 0.03359375
7 0.546875 0.17734375 0.02890625 0.046875
6 0.4953125 0.36171875 0.02265625 0.0359375
6 0.471875 0.36171875 0.025 0.03671875
6 0.51875 0.3609375 0.02265625 0.0359375
6 0.51953125 0.3921875 0.0203125 0.03203125
1 0.50625 0.63359375 0.02421875 0.03828125
6 0.3734375 0.1859375 0.0265625 0.03828125
4 0.50390625 0.34921875 0.02734375 0.03671875
6 0.48359375 0.38671875 0.028125 0.0171875
6 0.50703125 0.38515625 0.02421875 0.01875
6 0.49453125 0.4 0.02734375 0.0171875
6 0.50390625 0.4125 0.02421875 0.01484375