2 0.50546875 0.153125 0.01875 0.03203125
6 0.49296875 0.63359375 0.02109375 0.0375
6 0.47109375 0.640625 0.021875 0.0390625
3 0.6046875 0.15625 0.021875 0.02421875
8 0.40390625 0.15546875 0.021875 0.02578125
1 0.50546875 0.3625 0.02109375 0.03125
7 0.29296875 0.4859375 0.0234375 0.03515625
4 0.5046875 0.57109375 0.0234375 0.02734375
6 0.565625 0.603125 0.025 0.03515625
6 0.6171875 0.6125 0.025 0.0375
6 0.37421875 0.8140625 0.02734375 0.0390625
6 0.475 0.68203125 0.0203125 0.0375
6 0.49609375 0.675 0.0234375 0.04140625
6 0.51484375 0.6390625 0.0234375 0.0390625
6 0.546875 0.6765625 0.021875 0.0359375
6 0.5171875 0.61015625 0.0234375 0.03203125
6 0.49375 0.6109375 0.01953125 0.028125
0 0.50546875 0.75078125 0.02578125 0.04296875