8 0.32734375 0.11796875 0.02109375 0.03203125
2 0.50546875 0.15625 0.0203125 0.03203125
1 0.52265625 0.38671875 0.0234375 0.0328125
6 0.58359375 0.6140625 0.02578125 0.0375
6 0.50546875 0.68359375 0.02109375 0.03515625
6 0.53203125 0.66328125 0.02421875 0.03828125
6 0.64296875 0.5328125 0.0203125 0.0359375
6 0.48828125 0.62578125 0.021875 0.025
6 0.49375 0.60234375 0.02578125 0.02578125
6 0.815625 0.60703125 0.0265625 0.0375
6 0.46328125 0.4921875 0.02421875 0.034375
4 0.8421875 0.5703125 0.02421875 0.03984375
6 0.51015625 0.6484375 0.025 0.0265625
3 0.60546875 0.15703125 0.01875 0.0265625
6 0.86015625 0.62578125 0.0234375 0.034375
0 0.50390625 0.75078125 0.02578125 0.03984375
7 0.41328125 0.71328125 0.025 0.03828125