8 0.40390625 0.84453125 0.0203125 0.03125
7 0.66796875 0.3 0.02421875 0.03359375
2 0.53828125 0.9 0.0203125 0.03125
3 0.6046875 0.84140625 0.02421875 0.0328125
6 0.7578125 0.20859375 0.02421875 0.03671875
1 0.50546875 0.634375 0.02265625 0.0359375
6 0.85703125 0.3375 0.0265625 0.03984375
0 0.88984375 0.18203125 0.0265625 0.03984375
6 0.5515625 0.34765625 0.02265625 0.03359375
6 0.49453125 0.36328125 0.0203125 0.0328125
6 0.5171875 0.36171875 0.025 0.0375
6 0.4859375 0.4140625 0.0203125 0.02265625
6 0.50703125 0.3875 0.02109375 0.02265625
6 0.52421875 0.3921875 0.02109375 0.0296875
6 0.4765625 0.3953125 0.02578125 0.0328125
6 0.48046875 0.3765625 0.02265625 0.02734375
6 0.50390625 0.4078125 0.01875 0.02578125
4 0.5078125 0.42734375 0.021875 0.0171875
6 0.5671875 0.74453125 0.0203125 0.0296875