2 0.50546875 0.84296875 0.02109375 0.02578125
0 0.5046875 0.25 0.02421875 0.040625
1 0.50546875 0.6359375 0.02109375 0.02890625
8 0.325 0.88359375 0.01953125 0.03203125
6 0.38125 0.43046875 0.0234375 0.03203125
6 0.64375 0.46796875 0.01953125 0.03125
6 0.49453125 0.39453125 0.01640625 0.03359375
6 0.48828125 0.3671875 0.0203125 0.025
6 0.48828125 0.3484375 0.02109375 0.02890625
6 0.5203125 0.3640625 0.02109375 0.02734375
6 0.52578125 0.34140625 0.025 0.0328125
6 0.5015625 0.33359375 0.0234375 0.03828125
6 0.46640625 0.325 0.02265625 0.03359375
6 0.43671875 0.321875 0.02421875 0.03359375
4 0.8421875 0.428125 0.028125 0.0390625
6 0.6109375 0.41953125 0.02265625 0.0328125
6 0.46796875 0.50234375 0.0234375 0.03046875
7 0.32890625 0.1765625 0.0296875 0.04453125
3 0.60703125 0.8453125 0.021875 0.028125
6 0.61015625 0.8078125 0.01953125 0.028125
6 0.83359375 0.39375 0.025 0.0296875
6 0.8203125 0.37421875 0.02265625 0.0390625