8 0.40390625 0.15546875 0.02109375 0.0296875
2 0.50546875 0.15546875 0.0203125 0.0296875
3 0.60546875 0.15546875 0.0203125 0.02890625
1 0.5046875 0.36875 0.0203125 0.04296875
7 0.475 0.54375 0.0265625 0.0359375
0 0.50234375 0.746875 0.0234375 0.0359375
6 0.375 0.81484375 0.03046875 0.03984375
6 0.56640625 0.60234375 0.0265625 0.0375
6 0.503125 0.5890625 0.02265625 0.01796875
6 0.5171875 0.60703125 0.02421875 0.02734375
6 0.49375 0.60234375 0.02578125 0.01484375
6 0.4828125 0.61484375 0.01953125 0.01484375
6 0.50546875 0.61484375 0.02578125 0.01953125
6 0.471875 0.634375 0.02734375 0.034375
6 0.4953125 0.634375 0.0203125 0.03515625
6 0.5171875 0.63515625 0.0234375 0.03515625