2 0.49375 0.84375 0.02265625 0.028125
8 0.67421875 0.88359375 0.02109375 0.034375
1 0.4765625 0.6125 0.01875 0.0359375
4 0.15859375 0.43125 0.02578125 0.034375
3 0.39453125 0.84453125 0.02265625 0.034375
6 0.35703125 0.46953125 0.02578125 0.0359375
6 0.4171875 0.384375 0.0265625 0.04375
6 0.53828125 0.51171875 0.02265625 0.03984375
6 0.50625 0.3953125 0.02578125 0.03046875
6 0.51171875 0.365625 0.02265625 0.0328125
6 0.46875 0.3375 0.0265625 0.034375
6 0.4890625 0.34921875 0.0234375 0.034375
6 0.4953125 0.31875 0.0234375 0.034375
7 0.6390625 0.34453125 0.02578125 0.04375