8 0.403125 0.15625 0.0203125 0.02890625
2 0.50546875 0.15703125 0.0203125 0.02890625
3 0.6046875 0.15625 0.0203125 0.03203125
1 0.50390625 0.36484375 0.02109375 0.03046875
7 0.44140625 0.478125 0.0265625 0.03671875
0 0.50546875 0.7515625 0.025 0.03984375
6 0.40234375 0.734375 0.025 0.03828125
6 0.4734375 0.67421875 0.02421875 0.034375
6 0.5046875 0.68359375 0.0234375 0.03671875
6 0.53359375 0.65546875 0.021875 0.034375
6 0.54453125 0.6375 0.021875 0.0359375
6 0.609375 0.5984375 0.02265625 0.03828125
6 0.7890625 0.6546875 0.0265625 0.04375
6 0.47109375 0.63671875 0.0234375 0.034375
6 0.49375 0.6359375 0.02109375 0.03359375
6 0.51796875 0.63828125 0.02265625 0.03515625
6 0.4828125 0.61484375 0.021875 0.0140625
6 0.50625 0.6140625 0.02421875 0.01328125
6 0.49375 0.6015625 0.0234375 0.01484375
6 0.51796875 0.60625 0.02109375 0.02578125
6 0.5015625 0.58515625 0.028125 0.015625
4 0.503125 0.565625 0.021875 0.0203125