8 0.5953125 0.15625 0.02109375 0.0328125
2 0.49375 0.1578125 0.02109375 0.03203125
3 0.39296875 0.1578125 0.021875 0.03359375
7 0.6484375 0.740625 0.028125 0.04453125
6 0.528125 0.6375 0.0234375 0.03515625
6 0.48125 0.6375 0.0234375 0.0328125
6 0.50546875 0.6359375 0.02265625 0.0328125
1 0.49296875 0.36328125 0.02421875 0.03828125
0 0.49609375 0.75 0.02734375 0.0421875
4 0.496875 0.6515625 0.0234375 0.0359375
6 0.51640625 0.61171875 0.025 0.015625
6 0.4921875 0.61171875 0.02421875 0.01640625
6 0.50390625 0.5984375 0.02890625 0.01484375
6 0.4828125 0.60390625 0.0234375 0.025
6 0.49765625 0.5859375 0.0265625 0.015625