8 0.5953125 0.15625 0.0234375 0.02890625
2 0.49453125 0.153125 0.01875 0.03203125
3 0.3453125 0.1046875 0.0234375 0.03359375
4 0.48359375 0.58046875 0.02578125 0.0390625
6 0.35625 0.565625 0.02578125 0.040625
6 0.50703125 0.63359375 0.02109375 0.0375
6 0.52890625 0.640625 0.021875 0.0390625
6 0.51875 0.65703125 0.0234375 0.03046875
1 0.49609375 0.365625 0.02421875 0.03203125
6 0.215625 0.8359375 0.025 0.03125
6 0.3375 0.6578125 0.021875 0.0421875
6 0.81328125 0.54921875 0.02265625 0.0421875
6 0.42265625 0.621875 0.02421875 0.0375
6 0.4171875 0.78203125 0.021875 0.04375
6 0.3390625 0.8046875 0.02890625 0.0421875
6 0.41953125 0.13828125 0.02421875 0.03203125
6 0.25234375 0.05234375 0.021875 0.03203125
7 0.7453125 0.1046875 0.02421875 0.034375