3 0.60546875 0.15546875 0.02265625 0.034375
8 0.4046875 0.15625 0.01953125 0.03203125
1 0.50546875 0.36484375 0.021875 0.0265625
0 0.503125 0.7484375 0.025 0.03828125
6 0.48046875 0.65859375 0.028125 0.03515625
6 0.50546875 0.65 0.02265625 0.034375
6 0.47109375 0.6375 0.02109375 0.03359375
6 0.53828125 0.6359375 0.0234375 0.0328125
6 0.51796875 0.63828125 0.0203125 0.03203125
6 0.48359375 0.6171875 0.01796875 0.01953125
6 0.5046875 0.5953125 0.01640625 0.01875
6 0.50546875 0.61875 0.01640625 0.01953125
4 0.50703125 0.5796875 0.02265625 0.02265625
2 0.50625 0.15703125 0.0203125 0.03203125
6 0.546875 0.6578125 0.0234375 0.034375
6 0.56875 0.66171875 0.02109375 0.04296875
6 0.3921875 0.66953125 0.02578125 0.03671875
7 0.753125 0.20234375 0.02265625 0.034375