1 0.50546875 0.634375 0.021875 0.034375
3 0.60546875 0.84375 0.0234375 0.03203125
2 0.50546875 0.8453125 0.02265625 0.03359375
8 0.40390625 0.84609375 0.02109375 0.0328125
7 0.6203125 0.3890625 0.025 0.0421875
0 0.50390625 0.25 0.0265625 0.04140625
4 0.4703125 0.31328125 0.0265625 0.04140625
6 0.38828125 0.40859375 0.02734375 0.03828125
6 0.4484375 0.40390625 0.025 0.0421875
6 0.53203125 0.4296875 0.02578125 0.0390625
6 0.50546875 0.45078125 0.02578125 0.0390625
6 0.41640625 0.3671875 0.0234375 0.03515625
6 0.49453125 0.36328125 0.0234375 0.034375
6 0.51875 0.3640625 0.02109375 0.034375