3 0.39296875 0.84375 0.021875 0.03671875
2 0.49453125 0.84296875 0.02109375 0.02578125
0 0.4953125 0.25 0.02421875 0.040625
1 0.49453125 0.6359375 0.02109375 0.02890625
6 0.6171875 0.42890625 0.0203125 0.03828125
6 0.4765625 0.340625 0.02109375 0.03125
6 0.49765625 0.33984375 0.0234375 0.0328125
6 0.51328125 0.35703125 0.0203125 0.03515625
6 0.47890625 0.3625 0.0234375 0.02421875
6 0.5171875 0.37734375 0.02421875 0.0265625
6 0.4921875 0.375 0.02265625 0.034375
6 0.50546875 0.39609375 0.025 0.01875
6 0.484375 0.39140625 0.021875 0.02890625
6 0.49921875 0.4140625 0.02421875 0.01875
6 0.4171875 0.39296875 0.025 0.040625
6 0.35703125 0.46796875 0.02109375 0.0359375
6 0.5640625 0.32265625 0.02265625 0.040625
6 0.5359375 0.32109375 0.02265625 0.03984375
4 0.15859375 0.4296875 0.02734375 0.03828125
8 0.62578125 0.87109375 0.021875 0.03125
7 0.56953125 0.815625 0.01875 0.03125
6 0.83359375 0.28828125 0.02890625 0.03984375