3 0.39296875 0.15625 0.021875 0.03671875
2 0.49453125 0.15703125 0.02109375 0.02578125
8 0.59609375 0.15546875 0.021875 0.03203125
0 0.4953125 0.75 0.02421875 0.040625
1 0.49453125 0.3640625 0.02109375 0.02890625
4 0.49296875 0.58046875 0.02421875 0.02578125
6 0.6171875 0.57109375 0.0203125 0.03828125
6 0.528125 0.56953125 0.02265625 0.0375
6 0.51796875 0.665625 0.02265625 0.03203125
6 0.528125 0.6359375 0.0234375 0.03828125
6 0.5046875 0.63671875 0.0203125 0.028125
6 0.49453125 0.64921875 0.0234375 0.03359375
6 0.4703125 0.65390625 0.02109375 0.0453125
6 0.46015625 0.6375 0.025 0.0296875
6 0.48125 0.6328125 0.02109375 0.01953125
6 0.51875 0.6171875 0.02265625 0.02265625
6 0.49375 0.61953125 0.02421875 0.02421875
6 0.4703125 0.61640625 0.02109375 0.015625
6 0.50546875 0.60390625 0.01953125 0.02421875
6 0.48359375 0.603125 0.0203125 0.025
7 0.4859375 0.2015625 0.01953125 0.028125