2 0.5046875 0.15625 0.0203125 0.03046875
0 0.50390625 0.7484375 0.0265625 0.03359375
8 0.403125 0.15546875 0.0203125 0.03046875
3 0.60390625 0.15546875 0.021875 0.02578125
1 0.50625 0.3671875 0.02109375 0.0359375
7 0.65390625 0.52578125 0.02578125 0.03828125
6 0.53125 0.57109375 0.021875 0.0359375
6 0.5046875 0.55 0.021875 0.03984375
6 0.38984375 0.58828125 0.0234375 0.0359375
6 0.41640625 0.6328125 0.02578125 0.0421875
6 0.4484375 0.596875 0.02265625 0.034375
6 0.49375 0.6375 0.025 0.03359375
6 0.51796875 0.63828125 0.0265625 0.0359375