8 0.596875 0.15625 0.02421875 0.03046875
2 0.4859375 0.15078125 0.02109375 0.03046875
3 0.34296875 0.10234375 0.0171875 0.03046875
1 0.49609375 0.36484375 0.02109375 0.03359375
0 0.578125 0.83515625 0.025 0.025
4 0.48671875 0.5703125 0.0234375 0.03828125
6 0.61640625 0.60234375 0.02734375 0.03828125
6 0.68671875 0.81328125 0.02734375 0.03984375
6 0.56875 0.6703125 0.025 0.04140625
6 0.515625 0.8046875 0.0265625 0.03984375
6 0.52734375 0.63984375 0.02109375 0.03671875
6 0.51953125 0.65625 0.02421875 0.04296875
6 0.50859375 0.63125 0.0265625 0.03671875
6 0.35625 0.565625 0.0234375 0.03203125
6 0.42265625 0.621875 0.021875 0.03671875
6 0.41484375 0.78359375 0.025 0.03359375
6 0.47109375 0.7875 0.0265625 0.04140625
6 0.3125 0.56171875 0.0234375 0.040625
7 0.18671875 0.43984375 0.02109375 0.03515625
6 0.25859375 0.67265625 0.02578125 0.04140625
6 0.6625 0.7171875 0.028125 0.0390625
6 0.821875 0.62734375 0.0234375 0.0359375