3 0.39453125 0.84453125 0.02265625 0.034375
8 0.5953125 0.84375 0.01953125 0.03203125
1 0.49453125 0.63515625 0.021875 0.0265625
2 0.48515625 0.84921875 0.0171875 0.028125
4 0.49375 0.42109375 0.025 0.02421875
0 0.5390625 0.17734375 0.02734375 0.0375
6 0.4734375 0.38125 0.02109375 0.03046875
6 0.4890625 0.3953125 0.02265625 0.028125
6 0.496875 0.37421875 0.0234375 0.0359375
6 0.4609375 0.3640625 0.02421875 0.0328125
6 0.51875 0.34921875 0.0234375 0.03671875
6 0.55546875 0.32734375 0.02421875 0.034375
6 0.54765625 0.33984375 0.02265625 0.0296875
6 0.55234375 0.3765625 0.02421875 0.0296875
6 0.5953125 0.3859375 0.01953125 0.03125
6 0.5875 0.36796875 0.0203125 0.0359375
7 0.2015625 0.284375 0.02890625 0.0359375
6 0.40703125 0.3625 0.02421875 0.03359375
6 0.44609375 0.30703125 0.02265625 0.0375
6 0.48359375 0.3015625 0.0265625 0.0375
6 0.575 0.4125 0.02265625 0.0359375