8 0.67265625 0.11796875 0.02109375 0.03203125
7 0.5953125 0.06640625 0.0234375 0.03828125
2 0.49453125 0.15625 0.0203125 0.03203125
3 0.39296875 0.15546875 0.0203125 0.03046875
1 0.49375 0.3671875 0.0234375 0.0328125
6 0.84609375 0.7109375 0.02734375 0.04140625
6 0.61796875 0.57109375 0.0265625 0.0421875
6 0.565625 0.678125 0.02578125 0.03828125
6 0.53359375 0.67734375 0.02578125 0.04375
6 0.4984375 0.6625 0.02109375 0.03515625
6 0.47578125 0.66015625 0.02421875 0.03828125
6 0.51328125 0.64296875 0.02265625 0.03359375
6 0.51796875 0.6203125 0.021875 0.0265625
6 0.49609375 0.62109375 0.02265625 0.028125
6 0.50625 0.603125 0.02421875 0.015625
6 0.48359375 0.60859375 0.02421875 0.02890625
6 0.49921875 0.58828125 0.0234375 0.0171875
6 0.41640625 0.60546875 0.02265625 0.0375
6 0.35546875 0.53125 0.02265625 0.03828125
0 0.4953125 0.7515625 0.025 0.04609375
4 0.1578125 0.5703125 0.02421875 0.03984375
6 0.4796875 0.6359375 0.02109375 0.0203125