6 0.571875 0.55078125 0.02421875 0.03046875
6 0.6328125 0.2734375 0.028125 0.0375
1 0.29296875 0.94140625 0.015625 0.0328125
3 0.39296875 0.84375 0.021875 0.03671875
2 0.49453125 0.84296875 0.02109375 0.02578125
8 0.59609375 0.84453125 0.021875 0.03203125
6 0.7609375 0.35625 0.0234375 0.03671875
7 0.4484375 0.328125 0.03046875 0.040625
6 0.53828125 0.37265625 0.025 0.03828125
6 0.53125 0.390625 0.02109375 0.03671875
6 0.50625 0.38359375 0.02265625 0.0296875
4 0.49296875 0.41953125 0.0265625 0.03359375