3 0.60625 0.15703125 0.02265625 0.0328125
2 0.50703125 0.15625 0.0203125 0.03046875
8 0.40390625 0.15546875 0.0234375 0.03203125
1 0.50625 0.36640625 0.02109375 0.03359375
7 0.5421875 0.83125 0.0296875 0.0359375
6 0.3734375 0.815625 0.02578125 0.040625
4 0.50234375 0.6515625 0.0234375 0.034375
6 0.47265625 0.63828125 0.02421875 0.03828125
6 0.51875 0.63828125 0.025 0.0328125
6 0.49453125 0.6359375 0.0203125 0.03125
6 0.48203125 0.61640625 0.021875 0.0234375
6 0.50546875 0.61640625 0.02578125 0.01875
6 0.5171875 0.6078125 0.021875 0.03125
6 0.49375 0.603125 0.02421875 0.01640625
6 0.5046875 0.590625 0.0296875 0.01875