8 0.59609375 0.15546875 0.02109375 0.0296875
2 0.49453125 0.15546875 0.0203125 0.0296875
3 0.39453125 0.15546875 0.0203125 0.02890625
1 0.49453125 0.365625 0.0203125 0.03046875
7 0.52734375 0.5421875 0.02421875 0.034375
6 0.434375 0.60625 0.02265625 0.03828125
6 0.52734375 0.63828125 0.02421875 0.03359375
6 0.50390625 0.63828125 0.0234375 0.034375
6 0.48203125 0.6390625 0.021875 0.03359375
6 0.51796875 0.615625 0.025 0.0203125
6 0.49375 0.615625 0.02734375 0.0171875
6 0.5046875 0.60390625 0.0234375 0.0265625
6 0.48125 0.60859375 0.02421875 0.034375
6 0.49609375 0.58984375 0.021875 0.0203125
6 0.625 0.8140625 0.02578125 0.0359375
0 0.49765625 0.74921875 0.028125 0.04296875