8 0.4046875 0.84375 0.02109375 0.0328125
2 0.50625 0.8421875 0.02109375 0.03203125
3 0.60703125 0.8421875 0.021875 0.03359375
7 0.51875 0.52421875 0.03203125 0.04609375
6 0.41171875 0.34375 0.025 0.03671875
6 0.50703125 0.3609375 0.02265625 0.0359375
6 0.4625 0.36796875 0.025 0.03671875
6 0.46796875 0.39140625 0.02578125 0.0328125
6 0.4984375 0.3875 0.02421875 0.03046875
1 0.71875 0.95234375 0.02421875 0.03828125
6 0.1734375 0.35625 0.0296875 0.046875
0 0.50390625 0.24921875 0.0265625 0.0453125
6 0.3765625 0.30859375 0.0265625 0.04296875
6 0.15078125 0.4640625 0.0234375 0.03828125
6 0.2984375 0.28671875 0.02734375 0.03828125