4 0.49140625 0.42421875 0.02109375 0.02734375
6 0.52421875 0.4 0.0203125 0.03203125
6 0.5203125 0.37890625 0.01953125 0.03203125
6 0.50546875 0.35390625 0.02109375 0.03515625
6 0.49296875 0.3828125 0.02265625 0.0328125
6 0.49453125 0.40546875 0.0203125 0.01640625
6 0.47265625 0.39296875 0.02109375 0.0296875
6 0.48125 0.36171875 0.021875 0.0328125
1 0.49375 0.634375 0.02109375 0.03671875
6 0.43359375 0.74609375 0.021875 0.03671875
3 0.39609375 0.84453125 0.02109375 0.0328125
8 0.596875 0.8453125 0.0203125 0.0296875
2 0.46171875 0.9015625 0.021875 0.03046875
6 0.14453125 0.34140625 0.02421875 0.04140625
7 0.415625 0.503125 0.02734375 0.040625
0 0.49296875 0.25234375 0.0265625 0.0375
6 0.76796875 0.575 0.0203125 0.0390625