2 0.50546875 0.15546875 0.01953125 0.03125
3 0.60390625 0.15546875 0.0203125 0.03203125
8 0.4046875 0.15625 0.01953125 0.03046875
7 0.55 0.6875 0.02734375 0.03984375
1 0.50390625 0.365625 0.0234375 0.0359375
6 0.73125 0.6953125 0.02734375 0.03515625
6 0.1375 0.64375 0.0234375 0.0328125
6 0.57578125 0.65703125 0.021875 0.0328125
6 0.6453125 0.6546875 0.02578125 0.0328125
6 0.20625 0.4640625 0.02734375 0.0359375
6 0.78828125 0.5265625 0.02734375 0.0390625
6 0.5953125 0.61015625 0.02890625 0.034375
4 0.5421875 0.446875 0.0234375 0.03828125