8 0.4046875 0.15703125 0.02109375 0.03203125
2 0.50546875 0.15625 0.0203125 0.03203125
1 0.5078125 0.3671875 0.0234375 0.0328125
6 0.3890625 0.5875 0.0265625 0.0421875
6 0.50625 0.55 0.021875 0.03671875
6 0.37265625 0.675 0.02578125 0.0375
6 0.22734375 0.60234375 0.0265625 0.0390625
6 0.5203125 0.6890625 0.02421875 0.03828125
6 0.45 0.59609375 0.02421875 0.034375
6 0.5328125 0.57109375 0.02265625 0.03828125
4 0.5046875 0.58515625 0.02421875 0.03984375
7 0.67578125 0.5546875 0.025 0.03828125
3 0.60546875 0.15703125 0.01875 0.0265625
0 0.5046875 0.75 0.02265625 0.04296875