3 0.60546875 0.15546875 0.02265625 0.034375
8 0.4046875 0.15625 0.01953125 0.03203125
1 0.50546875 0.36484375 0.021875 0.0265625
7 0.465625 0.0484375 0.0203125 0.03125
2 0.50546875 0.1546875 0.0203125 0.021875
6 0.615625 0.59140625 0.0265625 0.03671875
6 0.53046875 0.5703125 0.02109375 0.03515625
6 0.50546875 0.54765625 0.02265625 0.0328125
6 0.45078125 0.59921875 0.02265625 0.04609375
6 0.38828125 0.58984375 0.0265625 0.0328125
6 0.365625 0.67734375 0.0234375 0.03984375
6 0.14375 0.590625 0.02421875 0.0328125
4 0.50390625 0.58125 0.02109375 0.03671875
0 0.50390625 0.74609375 0.0234375 0.04140625