3 0.60390625 0.84453125 0.02109375 0.0328125
8 0.403125 0.8453125 0.0203125 0.0296875
2 0.5375 0.903125 0.01796875 0.028125
6 0.56640625 0.74453125 0.02109375 0.0328125
1 0.50546875 0.63515625 0.02109375 0.0296875
6 0.85546875 0.34296875 0.02578125 0.03359375
6 0.65078125 0.44296875 0.02265625 0.03671875
6 0.4265625 0.41328125 0.025 0.03359375
6 0.59765625 0.43984375 0.025 0.03671875
4 0.51015625 0.4328125 0.02578125 0.02734375
6 0.509375 0.40859375 0.0234375 0.02578125
6 0.4921875 0.396875 0.0234375 0.034375
6 0.4375 0.334375 0.028125 0.0390625
7 0.3953125 0.40703125 0.0234375 0.0390625
6 0.21484375 0.39375 0.02421875 0.04375