6 0.14375 0.34375 0.02109375 0.0328125
6 0.24296875 0.209375 0.025 0.0359375
6 0.44609375 0.35 0.02265625 0.0328125
6 0.50546875 0.35703125 0.02109375 0.03125
6 0.48125 0.36328125 0.0234375 0.034375
6 0.52109375 0.378125 0.02109375 0.0328125
6 0.49375 0.3859375 0.02109375 0.0171875
6 0.47265625 0.3921875 0.0203125 0.0328125
6 0.52734375 0.40234375 0.0234375 0.0203125
0 0.3 0.175 0.02578125 0.0375
6 0.8890625 0.15859375 0.02578125 0.02890625
1 0.49453125 0.63359375 0.02265625 0.03515625
7 0.51015625 0.721875 0.021875 0.03359375
6 0.4328125 0.74609375 0.01875 0.03359375
3 0.3953125 0.8453125 0.021875 0.02890625
8 0.596875 0.84375 0.01953125 0.02890625
2 0.46015625 0.90390625 0.01875 0.02265625
6 0.49296875 0.409375 0.01796875 0.0234375
6 0.5140625 0.41484375 0.02109375 0.0265625
4 0.49140625 0.42734375 0.0234375 0.015625