3 0.39453125 0.84453125 0.02265625 0.034375
8 0.5953125 0.84375 0.01953125 0.03203125
1 0.49453125 0.63515625 0.021875 0.0265625
2 0.4953125 0.84375 0.01640625 0.02890625
7 0.53515625 0.51015625 0.02890625 0.0390625
6 0.85625 0.40703125 0.021875 0.034375
6 0.634375 0.321875 0.0265625 0.034375
6 0.6109375 0.41171875 0.02265625 0.03203125
6 0.5484375 0.40234375 0.01953125 0.03203125
6 0.49375 0.45234375 0.021875 0.0328125
6 0.46796875 0.42890625 0.02265625 0.034375
4 0.49453125 0.41640625 0.021875 0.03046875
0 0.496875 0.25234375 0.02578125 0.0328125