8 0.675 0.11796875 0.01875 0.0328125
2 0.4953125 0.15625 0.0203125 0.03046875
3 0.425 0.12109375 0.0171875 0.0328125
4 0.1578125 0.57109375 0.028125 0.0359375
0 0.49609375 0.7484375 0.0265625 0.03359375
6 0.53671875 0.49140625 0.0234375 0.0375
6 0.61875 0.5671875 0.0234375 0.034375
6 0.35703125 0.5296875 0.025 0.034375
6 0.38828125 0.578125 0.02265625 0.034375
6 0.50625 0.6046875 0.02265625 0.03359375
6 0.5125 0.628125 0.02421875 0.02734375
6 0.51015625 0.6484375 0.0203125 0.03203125
6 0.4984375 0.66328125 0.02109375 0.034375
6 0.47890625 0.6328125 0.025 0.02421875
6 0.475 0.6578125 0.021875 0.03828125
6 0.53359375 0.67578125 0.02265625 0.03671875
6 0.18671875 0.6046875 0.0234375 0.040625
6 0.14140625 0.62421875 0.02578125 0.0359375
1 0.47734375 0.3890625 0.025 0.03515625
6 0.54609375 0.6890625 0.02265625 0.0390625
7 0.859375 0.58359375 0.0265625 0.0375
6 0.76796875 0.40703125 0.0234375 0.0328125