8 0.4046875 0.84609375 0.02109375 0.03046875
2 0.50625 0.84296875 0.01796875 0.0296875
3 0.60859375 0.84375 0.025 0.03046875
1 0.5046875 0.6328125 0.0203125 0.03359375
6 0.7984375 0.34765625 0.02421875 0.0359375
0 0.50625 0.24921875 0.025 0.04140625
0 0.50703125 0.425 0.02421875 0.0234375
7 0.38515625 0.47109375 0.0265625 0.03984375
6 0.415625 0.20859375 0.0265625 0.04375
6 0.48125 0.340625 0.02421875 0.03828125
6 0.50546875 0.3484375 0.025 0.03515625
6 0.54765625 0.34140625 0.02421875 0.040625
6 0.471875 0.3640625 0.025 0.03203125
6 0.49453125 0.36875 0.021875 0.02109375
6 0.5171875 0.3625 0.01953125 0.03125
6 0.53984375 0.36640625 0.02265625 0.025
6 0.484375 0.384375 0.02578125 0.01796875
6 0.50703125 0.3828125 0.01875 0.015625
6 0.52890625 0.38515625 0.02421875 0.01484375
6 0.49453125 0.396875 0.02109375 0.0171875
6 0.51796875 0.3984375 0.02265625 0.01640625
6 0.50546875 0.4109375 0.028125 0.015625