2 0.50625 0.15625 0.02265625 0.028125
3 0.60546875 0.15546875 0.02265625 0.034375
8 0.4046875 0.1546875 0.01953125 0.03203125
7 0.8015625 0.20078125 0.025 0.04296875
1 0.5078125 0.36328125 0.01796875 0.02734375
6 0.53125 0.56875 0.02109375 0.03515625
6 0.50625 0.5484375 0.02265625 0.03515625
6 0.52109375 0.68984375 0.02421875 0.0375
6 0.44921875 0.59765625 0.0234375 0.03515625
6 0.38828125 0.58828125 0.02578125 0.0328125
6 0.14375 0.59140625 0.02265625 0.0328125
6 0.36484375 0.67734375 0.021875 0.03984375
0 0.5046875 0.75 0.0234375 0.0375
4 0.50546875 0.58359375 0.02421875 0.0375