7 0.5921875 0.67265625 0.0265625 0.03984375
6 0.5171875 0.63828125 0.02421875 0.040625
8 0.40390625 0.15390625 0.02109375 0.03203125
2 0.50703125 0.15546875 0.01953125 0.03125
3 0.60390625 0.15546875 0.0203125 0.03203125
6 0.56484375 0.60390625 0.02421875 0.0359375
1 0.50390625 0.3640625 0.02265625 0.03515625
6 0.37265625 0.81640625 0.0265625 0.0375
6 0.51875 0.6046875 0.01953125 0.02578125
6 0.4546875 0.65234375 0.025 0.0421875
6 0.49453125 0.63515625 0.02265625 0.03359375
6 0.47265625 0.6359375 0.0234375 0.03515625
4 0.50390625 0.56796875 0.025 0.02265625
6 0.48359375 0.6140625 0.0203125 0.01796875
6 0.5046875 0.6140625 0.021875 0.01328125
6 0.4953125 0.6015625 0.021875 0.01484375
6 0.5046875 0.58671875 0.02578125 0.01640625
6 0.54765625 0.67578125 0.02265625 0.03671875