8 0.59609375 0.15546875 0.02109375 0.0296875
2 0.49453125 0.15546875 0.0203125 0.0296875
3 0.39453125 0.15546875 0.0203125 0.02890625
1 0.4953125 0.36640625 0.02109375 0.03984375
4 0.453125 0.4265625 0.0234375 0.034375
6 0.496875 0.61875 0.0234375 0.0359375
6 0.5046875 0.6375 0.02109375 0.0265625
6 0.5171875 0.625 0.025 0.0328125
6 0.53125 0.6078125 0.0265625 0.0390625
6 0.82734375 0.64140625 0.0265625 0.040625
6 0.6953125 0.4203125 0.02265625 0.028125
6 0.50703125 0.5734375 0.02890625 0.034375
0 0.66328125 0.790625 0.028125 0.0359375
6 0.6625 0.73046875 0.02578125 0.0375
6 0.84765625 0.53828125 0.0296875 0.04140625
6 0.8 0.74921875 0.0296875 0.040625
7 0.17578125 0.51875 0.02734375 0.04140625
6 0.48046875 0.77578125 0.028125 0.04765625
6 0.5984375 0.784375 0.02578125 0.04375
6 0.6265625 0.7125 0.02265625 0.04140625
6 0.55390625 0.634375 0.021875 0.0359375