2 0.4953125 0.15625 0.0203125 0.03046875
0 0.49609375 0.7484375 0.0265625 0.03359375
8 0.5953125 0.15703125 0.021875 0.03125
3 0.39375 0.15625 0.021875 0.0296875
1 0.49453125 0.36875 0.021875 0.03359375
7 0.3609375 0.5203125 0.02421875 0.040625
6 0.4703125 0.5703125 0.025 0.03828125
6 0.49453125 0.55078125 0.02421875 0.03515625
6 0.61171875 0.590625 0.021875 0.0390625
6 0.5515625 0.59609375 0.02734375 0.03515625
6 0.584375 0.63203125 0.025 0.03828125
6 0.50703125 0.63671875 0.02421875 0.040625
6 0.4828125 0.63984375 0.02578125 0.040625