6 0.428125 0.44921875 0.02421875 0.03046875
6 0.15234375 0.53359375 0.02421875 0.034375
6 0.15625 0.6921875 0.0265625 0.0390625
6 0.2390625 0.646875 0.02421875 0.040625
6 0.27578125 0.6796875 0.0265625 0.0375
6 0.3671875 0.7265625 0.028125 0.0375
6 0.4625 0.62890625 0.02890625 0.0375
6 0.4671875 0.61015625 0.0265625 0.0375
6 0.49375 0.61796875 0.0265625 0.034375
0 0.478125 0.71796875 0.02578125 0.0359375
4 0.50546875 0.58125 0.02578125 0.02578125
1 0.70703125 0.05859375 0.015625 0.0328125
3 0.60703125 0.15625 0.021875 0.03671875
2 0.50546875 0.15703125 0.02109375 0.02578125
8 0.40390625 0.15546875 0.021875 0.03203125
7 0.665625 0.05234375 0.021875 0.03203125