8 0.67265625 0.88203125 0.02109375 0.03203125
7 0.52734375 0.71875 0.02265625 0.040625
2 0.49453125 0.84375 0.0203125 0.03203125
3 0.42578125 0.8765625 0.0203125 0.03046875
1 0.47734375 0.61328125 0.0234375 0.0328125
6 0.7390625 0.58984375 0.02109375 0.03671875
6 0.61796875 0.42890625 0.0265625 0.0421875
6 0.54765625 0.3078125 0.02578125 0.03828125
6 0.53125 0.31953125 0.02578125 0.0375
6 0.4984375 0.3375 0.02109375 0.03515625
6 0.47578125 0.33984375 0.02421875 0.03828125
6 0.5109375 0.3515625 0.021875 0.02890625
6 0.51171875 0.37421875 0.021875 0.025
6 0.13984375 0.37421875 0.0265625 0.03515625
6 0.50625 0.39765625 0.02578125 0.02578125
6 0.184375 0.39296875 0.0265625 0.0375
6 0.53671875 0.5078125 0.02421875 0.034375
6 0.35546875 0.46875 0.02265625 0.03828125
0 0.4953125 0.2484375 0.025 0.04609375
4 0.1578125 0.4296875 0.02421875 0.03984375
6 0.4796875 0.3640625 0.02109375 0.0203125