3 0.39296875 0.15625 0.021875 0.03671875
2 0.49453125 0.15703125 0.02109375 0.02578125
8 0.59609375 0.15546875 0.021875 0.03203125
0 0.4953125 0.75 0.02421875 0.040625
1 0.49453125 0.3640625 0.02109375 0.02890625
7 0.38046875 0.6109375 0.02734375 0.0359375
6 0.46875 0.57109375 0.02421875 0.04140625
6 0.48203125 0.63828125 0.01953125 0.03828125
6 0.5046875 0.63828125 0.02578125 0.03828125
6 0.4953125 0.54765625 0.0265625 0.03125
6 0.55078125 0.596875 0.021875 0.0359375
6 0.5828125 0.634375 0.0265625 0.04375
6 0.6109375 0.59140625 0.02578125 0.04140625
4 0.53046875 0.68359375 0.025 0.0421875