8 0.4046875 0.15625 0.02109375 0.0328125
2 0.50625 0.1578125 0.02109375 0.03203125
3 0.60703125 0.1578125 0.021875 0.03359375
7 0.68203125 0.671875 0.02734375 0.04453125
6 0.4953125 0.63671875 0.021875 0.0296875
6 0.47109375 0.640625 0.025 0.03671875
6 0.484375 0.61484375 0.02890625 0.01953125
6 0.50546875 0.61640625 0.0265625 0.01796875
1 0.50625 0.36484375 0.02421875 0.03828125
0 0.50234375 0.7515625 0.0265625 0.0453125
6 0.51796875 0.60546875 0.02421875 0.02734375
6 0.503125 0.58671875 0.0234375 0.01796875
6 0.37578125 0.81484375 0.02734375 0.04296875
4 0.503125 0.6515625 0.02421875 0.03515625
6 0.51796875 0.63984375 0.02265625 0.03828125
6 0.49609375 0.60078125 0.02265625 0.01484375