8 0.5953125 0.84375 0.0234375 0.02890625
2 0.49453125 0.846875 0.01875 0.03203125
3 0.3453125 0.8953125 0.0234375 0.03359375
4 0.48359375 0.41953125 0.02578125 0.0390625
6 0.50703125 0.36640625 0.02109375 0.0375
6 0.52890625 0.359375 0.021875 0.0390625
6 0.51875 0.34296875 0.0234375 0.03046875
1 0.49609375 0.634375 0.02421875 0.03203125
6 0.81328125 0.45078125 0.02265625 0.0421875
6 0.41953125 0.86171875 0.02421875 0.03203125
6 0.42265625 0.378125 0.02421875 0.0390625
6 0.68828125 0.18359375 0.025 0.0359375
0 0.57890625 0.1671875 0.0265625 0.03046875
6 0.41640625 0.215625 0.0265625 0.03828125
6 0.33515625 0.34453125 0.025 0.04375
6 0.3578125 0.434375 0.02265625 0.03125
6 0.43828125 0.75078125 0.02421875 0.03359375
7 0.58984375 0.92734375 0.02109375 0.03046875