2 0.5046875 0.84375 0.0203125 0.03046875
1 0.50703125 0.634375 0.0203125 0.03125
0 0.50390625 0.2515625 0.0265625 0.03359375
8 0.40546875 0.8453125 0.01796875 0.02890625
3 0.60546875 0.84140625 0.02109375 0.02890625
7 0.671875 0.46796875 0.0234375 0.03515625
6 0.53046875 0.42734375 0.02578125 0.0390625
6 0.5046875 0.44921875 0.02265625 0.0328125
6 0.51796875 0.36171875 0.0234375 0.03828125
6 0.49453125 0.36171875 0.02578125 0.03828125
6 0.44765625 0.40390625 0.02578125 0.03984375
6 0.41640625 0.36484375 0.025 0.0359375
6 0.3875 0.4109375 0.025 0.0359375