4 0.49140625 0.57109375 0.021875 0.025
3 0.39609375 0.15546875 0.02109375 0.0328125
8 0.596875 0.1546875 0.0203125 0.0296875
2 0.4625 0.096875 0.01796875 0.028125
6 0.43359375 0.25546875 0.02109375 0.0328125
6 0.14453125 0.65703125 0.02421875 0.03515625
1 0.49453125 0.36484375 0.02109375 0.0296875
6 0.48984375 0.5921875 0.0234375 0.02578125
0 0.49453125 0.7484375 0.02421875 0.03515625
6 0.4796875 0.60859375 0.015625 0.02734375
6 0.48046875 0.6390625 0.01953125 0.0296875
6 0.496875 0.6234375 0.02265625 0.02890625
6 0.5046875 0.6453125 0.02265625 0.03359375
6 0.52109375 0.621875 0.02109375 0.03359375
6 0.5265625 0.6015625 0.021875 0.03203125
7 0.78671875 0.73203125 0.02421875 0.0359375