4 0.503125 0.57109375 0.0234375 0.025
6 0.50703125 0.6171875 0.02265625 0.0328125
6 0.50546875 0.59453125 0.0203125 0.01640625
6 0.5234375 0.60703125 0.0140625 0.0296875
6 0.51875 0.63828125 0.021875 0.0328125
1 0.50625 0.365625 0.02109375 0.03671875
3 0.60390625 0.15546875 0.02109375 0.0328125
8 0.403125 0.1546875 0.0203125 0.0296875
0 0.50703125 0.74765625 0.0265625 0.0375
2 0.5046875 0.15703125 0.0203125 0.0296875
6 0.37421875 0.815625 0.02421875 0.0421875
7 0.58984375 0.7390625 0.02734375 0.0421875
6 0.5484375 0.67734375 0.02421875 0.03828125
6 0.56640625 0.6046875 0.02421875 0.03515625
6 0.45390625 0.64765625 0.0234375 0.03359375
6 0.4734375 0.6375 0.0234375 0.034375
6 0.48359375 0.615625 0.021875 0.0203125
6 0.49609375 0.6390625 0.021875 0.03203125