3 0.60546875 0.15546875 0.02265625 0.034375
8 0.4046875 0.15625 0.01953125 0.03203125
1 0.50546875 0.36484375 0.021875 0.0265625
2 0.50546875 0.15625 0.0203125 0.028125
7 0.22734375 0.675 0.02265625 0.03828125
6 0.14453125 0.59296875 0.02421875 0.04140625
6 0.36328125 0.67734375 0.02421875 0.0421875
6 0.38984375 0.58828125 0.02421875 0.034375
6 0.45078125 0.59765625 0.02265625 0.034375
6 0.53203125 0.571875 0.021875 0.034375
6 0.50546875 0.54921875 0.02109375 0.028125
4 0.50546875 0.58203125 0.025 0.03203125
0 0.50546875 0.7484375 0.02109375 0.0359375