8 0.3953125 0.8546875 0.02265625 0.03125
3 0.67578125 0.95234375 0.02421875 0.0296875
7 0.12421875 0.296875 0.0296875 0.04140625
4 0.51640625 0.425 0.02421875 0.0421875
6 0.66015625 0.19375 0.02578125 0.04140625
6 0.76015625 0.303125 0.02578125 0.03984375
6 0.584375 0.215625 0.025 0.04140625
2 0.5046875 0.84453125 0.021875 0.0359375
6 0.6078125 0.19921875 0.0265625 0.0484375
6 0.48046875 0.34375 0.0203125 0.03125
6 0.703125 0.2953125 0.02421875 0.0375
6 0.45859375 0.29921875 0.025 0.03984375
6 0.76796875 0.44453125 0.0234375 0.03984375
6 0.6359375 0.4359375 0.0265625 0.04453125
6 0.49296875 0.365625 0.021875 0.03828125
6 0.47109375 0.3625 0.0203125 0.03125
1 0.4734375 0.49921875 0.02421875 0.03828125
6 0.78515625 0.16328125 0.025 0.03125
0 0.4609375 0.1640625 0.02734375 0.03515625
6 0.4125 0.18046875 0.0234375 0.03984375