3 0.60625 0.15703125 0.02265625 0.0328125
2 0.50703125 0.15625 0.0203125 0.03046875
8 0.40390625 0.15546875 0.0234375 0.03203125
6 0.51875 0.775 0.02421875 0.0359375
6 0.409375 0.6515625 0.0234375 0.03828125
6 0.3765625 0.68828125 0.02578125 0.040625
6 0.175 0.64375 0.0203125 0.0359375
6 0.15234375 0.53671875 0.02578125 0.0375
6 0.4984375 0.61171875 0.02421875 0.0390625
6 0.5078125 0.6421875 0.021875 0.04296875
6 0.46875 0.6109375 0.021875 0.040625
6 0.4625 0.6296875 0.0203125 0.03203125
0 0.503125 0.746875 0.02265625 0.0359375
4 0.50625 0.5859375 0.02265625 0.03984375
1 0.7109375 0.05390625 0.0203125 0.02890625
7 0.73359375 0.05 0.01875 0.03125