1 0.50546875 0.365625 0.021875 0.034375
3 0.60546875 0.15625 0.0234375 0.03203125
2 0.50546875 0.1546875 0.02265625 0.03359375
8 0.40390625 0.15390625 0.02109375 0.0328125
7 0.6203125 0.6109375 0.025 0.0421875
0 0.50390625 0.75 0.0265625 0.04140625
4 0.4703125 0.68671875 0.0265625 0.04140625
6 0.38828125 0.59140625 0.02734375 0.03828125
6 0.4484375 0.59609375 0.025 0.0421875
6 0.53203125 0.5703125 0.02578125 0.0390625
6 0.50546875 0.54921875 0.02578125 0.0390625
6 0.41640625 0.6328125 0.0234375 0.03515625
6 0.49453125 0.63671875 0.0234375 0.034375
6 0.51875 0.6359375 0.02109375 0.034375