8 0.325 0.11796875 0.01875 0.0328125
2 0.5046875 0.15625 0.0203125 0.03046875
6 0.46328125 0.49140625 0.0234375 0.0375
6 0.64296875 0.5296875 0.025 0.034375
6 0.49375 0.6046875 0.02265625 0.03359375
6 0.4875 0.628125 0.02421875 0.02734375
3 0.60625 0.15703125 0.02421875 0.03046875
1 0.5234375 0.38828125 0.0203125 0.0328125
6 0.38203125 0.56953125 0.02421875 0.03671875
6 0.52578125 0.65546875 0.02265625 0.034375
6 0.5765625 0.6203125 0.021875 0.03515625
0 0.5046875 0.75546875 0.0265625 0.05234375
6 0.81328125 0.6046875 0.0265625 0.03359375
6 0.859375 0.62578125 0.02421875 0.03515625
4 0.8421875 0.56953125 0.02578125 0.03046875
6 0.50859375 0.646875 0.0203125 0.034375
6 0.50625 0.6828125 0.021875 0.0421875
7 0.40390625 0.3640625 0.0265625 0.0359375