3 0.39296875 0.15625 0.021875 0.03671875
2 0.49453125 0.15703125 0.02109375 0.02578125
8 0.59609375 0.15546875 0.021875 0.03203125
1 0.49375 0.36875 0.0203125 0.03984375
7 0.65 0.7390625 0.02734375 0.0421875
0 0.4953125 0.74921875 0.028125 0.0375
4 0.49609375 0.65078125 0.02421875 0.03515625
6 0.528125 0.63671875 0.0234375 0.03515625
6 0.50546875 0.6359375 0.02421875 0.03125
6 0.48203125 0.6375 0.0234375 0.034375
6 0.48125 0.60859375 0.02734375 0.0328125
6 0.49609375 0.58984375 0.02734375 0.0234375
6 0.50390625 0.60625 0.025 0.02109375
6 0.51640625 0.61796875 0.025 0.01953125