3 0.60625 0.15703125 0.02265625 0.0328125
2 0.50703125 0.15625 0.0203125 0.03046875
8 0.40390625 0.15546875 0.0234375 0.03203125
6 0.40859375 0.65078125 0.025 0.0359375
6 0.4640625 0.63125 0.02734375 0.0359375
6 0.46953125 0.6078125 0.025 0.03359375
1 0.7109375 0.053125 0.01953125 0.03203125
6 0.153125 0.5375 0.025 0.034375
6 0.17421875 0.6421875 0.02421875 0.0421875
6 0.515625 0.75234375 0.02109375 0.034375
6 0.50703125 0.63984375 0.025 0.03828125
6 0.5 0.6140625 0.02421875 0.03828125
0 0.47890625 0.72109375 0.0265625 0.03671875
4 0.5078125 0.58203125 0.025 0.03828125
7 0.39140625 0.5109375 0.028125 0.046875
6 0.83359375 0.675 0.028125 0.040625