8 0.40546875 0.15546875 0.02265625 0.0328125
3 0.60546875 0.15625 0.01796875 0.0296875
1 0.5046875 0.36640625 0.0234375 0.0375
6 0.45234375 0.6578125 0.021875 0.0328125
6 0.471875 0.6328125 0.02265625 0.02734375
4 0.5140625 0.5640625 0.02421875 0.0234375
0 0.46171875 0.825 0.025 0.04296875
7 0.40625 0.453125 0.025 0.03984375
6 0.540625 0.6375 0.02265625 0.03671875
6 0.58359375 0.7859375 0.0265625 0.04140625
6 0.4859375 0.575 0.025 0.03984375
6 0.3140625 0.821875 0.0265625 0.0375
6 0.48125 0.653125 0.0234375 0.034375
6 0.56875 0.72734375 0.02421875 0.034375
6 0.35859375 0.56328125 0.021875 0.03671875
6 0.50234375 0.62421875 0.025 0.028125
6 0.61796875 0.6484375 0.025 0.034375
6 0.5140625 0.60234375 0.028125 0.0203125
6 0.5234375 0.58515625 0.02734375 0.01796875
6 0.525 0.728125 0.025 0.03359375
2 0.51328125 0.1515625 0.01875 0.02734375
6 0.52890625 0.62265625 0.02265625 0.02734375