8 0.596875 0.15546875 0.01953125 0.03515625
2 0.49375 0.15703125 0.0203125 0.0296875
3 0.39375 0.15546875 0.01875 0.0296875
7 0.33515625 0.6484375 0.02421875 0.03828125
1 0.49375 0.36640625 0.0234375 0.03515625
0 0.4953125 0.75078125 0.025 0.0375
6 0.61171875 0.5890625 0.0234375 0.0375
6 0.55078125 0.59453125 0.025 0.04140625
6 0.50625 0.63828125 0.02421875 0.0359375
6 0.48125 0.63828125 0.02421875 0.03828125
6 0.5828125 0.6328125 0.02578125 0.03984375
6 0.49609375 0.55 0.0296875 0.03984375
6 0.46875 0.571875 0.03046875 0.034375