8 0.5953125 0.15625 0.0234375 0.02890625
2 0.49453125 0.153125 0.01875 0.03203125
3 0.3453125 0.1046875 0.0234375 0.03359375
4 0.48359375 0.58046875 0.02578125 0.0390625
6 0.42578125 0.621875 0.028125 0.040625
6 0.35625 0.565625 0.02578125 0.040625
6 0.50703125 0.63359375 0.02109375 0.0375
6 0.52890625 0.640625 0.021875 0.0390625
6 0.51875 0.65703125 0.0234375 0.03046875
6 0.56328125 0.675 0.02421875 0.0390625
6 0.68828125 0.81484375 0.0265625 0.0421875
6 0.415625 0.7859375 0.0265625 0.0390625
0 0.5765625 0.83671875 0.02890625 0.03203125
7 0.4625 0.78671875 0.02890625 0.040625
1 0.49609375 0.365625 0.02421875 0.03203125
6 0.75859375 0.5515625 0.02421875 0.0421875
6 0.85859375 0.60625 0.021875 0.0375
6 0.421875 0.73515625 0.0265625 0.0390625
6 0.35234375 0.8078125 0.03125 0.0421875
6 0.2984375 0.83359375 0.0265625 0.03515625