8 0.3265625 0.88125 0.02265625 0.0328125
2 0.50625 0.84140625 0.01875 0.02734375
7 0.8796875 0.340625 0.025 0.04296875
3 0.60546875 0.84375 0.01796875 0.0296875
1 0.52265625 0.609375 0.01953125 0.034375
6 0.64453125 0.46953125 0.0234375 0.0390625
6 0.81328125 0.39296875 0.02421875 0.0328125
6 0.5765625 0.4734375 0.0234375 0.03671875
6 0.859375 0.37578125 0.02265625 0.03828125
6 0.690625 0.34765625 0.02734375 0.0390625
4 0.84296875 0.42890625 0.02578125 0.03984375
6 0.4640625 0.5109375 0.02109375 0.034375
0 0.5046875 0.24921875 0.02734375 0.03828125