4 0.50859375 0.57578125 0.02109375 0.02734375
6 0.47578125 0.6 0.0203125 0.03203125
6 0.4796875 0.62109375 0.01953125 0.03203125
6 0.49453125 0.64609375 0.02109375 0.03515625
6 0.50703125 0.6171875 0.02265625 0.0328125
6 0.50546875 0.59453125 0.0203125 0.01640625
6 0.52734375 0.60703125 0.02109375 0.0296875
6 0.51875 0.63828125 0.021875 0.0328125
1 0.50625 0.365625 0.02109375 0.03671875
6 0.56640625 0.25390625 0.021875 0.03671875
3 0.60390625 0.15546875 0.02109375 0.0328125
8 0.403125 0.1546875 0.0203125 0.0296875
2 0.53828125 0.0984375 0.021875 0.03046875
6 0.85546875 0.65859375 0.02421875 0.04140625
7 0.5828125 0.50078125 0.0234375 0.03671875
0 0.50703125 0.74765625 0.0265625 0.0375
6 0.19140625 0.4421875 0.02265625 0.04453125