8 0.59609375 0.84453125 0.0203125 0.03125
7 0.47734375 0.70078125 0.028125 0.03984375
2 0.49375 0.84375 0.0203125 0.03125
3 0.3953125 0.84140625 0.02421875 0.0328125
1 0.49453125 0.634375 0.02265625 0.0359375
6 0.50546875 0.3625 0.02109375 0.034375
6 0.4828125 0.3609375 0.02265625 0.0359375
6 0.384375 0.38984375 0.0265625 0.034375
6 0.49375 0.38515625 0.02265625 0.0234375
6 0.4796875 0.390625 0.01953125 0.03359375
6 0.51484375 0.3828125 0.0203125 0.02265625
6 0.49296875 0.40859375 0.0234375 0.02734375
4 0.4953125 0.43203125 0.025 0.01953125
6 0.18671875 0.33984375 0.02578125 0.040625
6 0.61796875 0.20390625 0.0265625 0.0421875
6 0.52421875 0.31484375 0.025 0.03828125
0 0.4953125 0.25 0.02578125 0.04375
6 0.60703125 0.190625 0.00078125 0.00078125
6 0.43359375 0.39453125 0.02265625 0.0359375
6 0.528125 0.3625 0.02109375 0.0359375
6 0.453125 0.32109375 0.02421875 0.04375
6 0.50390625 0.39765625 0.01875 0.015625