8 0.40390625 0.15546875 0.02109375 0.0296875
2 0.50546875 0.15546875 0.0203125 0.0296875
3 0.60546875 0.15546875 0.0203125 0.02890625
1 0.5046875 0.36640625 0.02109375 0.03984375
6 0.47421875 0.6625 0.025 0.03515625
7 0.21640625 0.72421875 0.02890625 0.0453125
0 0.50390625 0.7484375 0.0234375 0.0390625
4 0.5046875 0.578125 0.02421875 0.02578125
6 0.5265625 0.67890625 0.02265625 0.03671875
6 0.50625 0.653125 0.01953125 0.03359375
6 0.5296875 0.64921875 0.0234375 0.0328125
6 0.47109375 0.63828125 0.02265625 0.03125
6 0.5390625 0.6375 0.025 0.03046875
6 0.4953125 0.6390625 0.02265625 0.034375
6 0.48359375 0.61875 0.02109375 0.02578125
6 0.52734375 0.621875 0.02421875 0.03046875
6 0.50546875 0.62109375 0.02109375 0.02890625
6 0.49453125 0.60703125 0.02109375 0.0265625
6 0.51640625 0.60546875 0.025 0.0234375