2 0.50546875 0.153125 0.01875 0.03203125
1 0.50625 0.3671875 0.021875 0.0328125
7 0.73359375 0.09296875 0.01953125 0.03046875
3 0.60390625 0.15546875 0.01953125 0.02734375
8 0.54296875 0.1796875 0.02109375 0.03203125
6 0.38828125 0.590625 0.02578125 0.0390625
6 0.365625 0.67734375 0.02421875 0.040625
6 0.15234375 0.6125 0.028125 0.0421875
6 0.4484375 0.596875 0.02578125 0.0421875
6 0.475 0.58203125 0.02109375 0.03515625
0 0.503125 0.74921875 0.0234375 0.03515625
4 0.4640625 0.8203125 0.03046875 0.0453125