8 0.4046875 0.15625 0.02109375 0.0328125
2 0.50625 0.1578125 0.02109375 0.03203125
3 0.60703125 0.1578125 0.021875 0.03359375
7 0.35078125 0.74296875 0.028125 0.04453125
6 0.471875 0.6375 0.025 0.03671875
6 0.49375 0.6359375 0.0234375 0.0296875
6 0.5171875 0.6375 0.02265625 0.03359375
0 0.50546875 0.75 0.0265625 0.04296875
6 0.48515625 0.61640625 0.02421875 0.01796875
4 0.503125 0.65078125 0.02578125 0.0375
6 0.5078125 0.6171875 0.0265625 0.0203125
1 0.50703125 0.365625 0.02421875 0.03828125
6 0.49453125 0.6015625 0.02578125 0.015625
6 0.51796875 0.60546875 0.02265625 0.02421875
6 0.50234375 0.5875 0.02890625 0.015625