3 0.60703125 0.15625 0.021875 0.03671875
2 0.50546875 0.15703125 0.02109375 0.02578125
8 0.40390625 0.15546875 0.021875 0.03203125
7 0.5140625 0.60546875 0.028125 0.03828125
1 0.50625 0.36640625 0.02109375 0.03828125
4 0.47421875 0.68203125 0.02890625 0.04453125
6 0.421875 0.634375 0.021875 0.03828125
6 0.41484375 0.60078125 0.025 0.03828125
6 0.4734375 0.60859375 0.02265625 0.03515625
6 0.478125 0.58046875 0.02265625 0.03125
6 0.50859375 0.56171875 0.025 0.034375
6 0.528125 0.58125 0.021875 0.03515625
6 0.49375 0.64140625 0.021875 0.0390625
6 0.5171875 0.6390625 0.02890625 0.03671875