8 0.4046875 0.84375 0.02109375 0.0328125
2 0.50625 0.8421875 0.02109375 0.03203125
3 0.60703125 0.8421875 0.021875 0.03359375
7 0.53203125 0.384375 0.02421875 0.0390625
6 0.44296875 0.3640625 0.025 0.03671875
6 0.49453125 0.36328125 0.02421875 0.03125
6 0.49296875 0.384375 0.0265625 0.03515625
6 0.4453125 0.390625 0.02265625 0.03203125
4 0.4859375 0.33125 0.02890625 0.03828125
6 0.5171875 0.3609375 0.02421875 0.03828125
1 0.50703125 0.63515625 0.02421875 0.03828125
6 0.484375 0.4078125 0.02109375 0.03203125
6 0.51015625 0.421875 0.0234375 0.03359375
6 0.52578125 0.403125 0.02109375 0.028125