3 0.39375 0.15703125 0.02265625 0.0328125
2 0.49296875 0.15625 0.0203125 0.03046875
8 0.59609375 0.15546875 0.0234375 0.03203125
0 0.496875 0.746875 0.02265625 0.0359375
7 0.33203125 0.66015625 0.0265625 0.03828125
1 0.49375 0.36640625 0.0234375 0.03671875
4 0.4984375 0.65 0.02421875 0.034375
6 0.62578125 0.81484375 0.0265625 0.04140625
6 0.52890625 0.6375 0.0234375 0.03125
6 0.50546875 0.6359375 0.0203125 0.0296875
6 0.4828125 0.640625 0.0265625 0.03671875
6 0.48359375 0.60859375 0.0265625 0.0328125
6 0.5171875 0.61640625 0.025 0.0203125
6 0.49453125 0.615625 0.02421875 0.02109375
6 0.50546875 0.60234375 0.0265625 0.01875
6 0.49765625 0.590625 0.02578125 0.025