8 0.40390625 0.15390625 0.021875 0.0328125
2 0.50625 0.15703125 0.02109375 0.02890625
3 0.6046875 0.15703125 0.0203125 0.0328125
1 0.50546875 0.3640625 0.0234375 0.03359375
7 0.64453125 0.26796875 0.021875 0.03671875
0 0.50546875 0.74765625 0.025 0.0359375
4 0.50546875 0.58515625 0.0265625 0.03828125
6 0.14609375 0.5921875 0.02578125 0.03359375
6 0.44765625 0.66640625 0.025 0.0390625
6 0.365625 0.67734375 0.0265625 0.03828125
6 0.3890625 0.58984375 0.02265625 0.0375
6 0.44921875 0.596875 0.0265625 0.0375
6 0.50546875 0.54765625 0.0234375 0.03359375
6 0.53125 0.571875 0.0234375 0.03671875