2 0.49453125 0.846875 0.01875 0.03203125
1 0.4953125 0.634375 0.02109375 0.0390625
3 0.3953125 0.8421875 0.01640625 0.02734375
7 0.75078125 0.8375 0.021875 0.0359375
8 0.8328125 0.584375 0.0234375 0.0296875
6 0.8546875 0.40625 0.0296875 0.0375
6 0.46953125 0.4265625 0.0234375 0.0390625
6 0.49453125 0.45 0.02265625 0.03125
6 0.55078125 0.40234375 0.02265625 0.0359375
6 0.61171875 0.4109375 0.0265625 0.03125
6 0.634375 0.3203125 0.025 0.0375
0 0.49609375 0.25078125 0.02578125 0.0359375
4 0.49609375 0.41640625 0.02265625 0.034375