8 0.403125 0.15625 0.02421875 0.03046875
1 0.50390625 0.36484375 0.02109375 0.03359375
2 0.50546875 0.15546875 0.02109375 0.0296875
3 0.6046875 0.15546875 0.01953125 0.02890625
7 0.73125 0.13828125 0.021875 0.03515625
6 0.5046875 0.55 0.02109375 0.0375
6 0.53125 0.57265625 0.02265625 0.03515625
6 0.44921875 0.59765625 0.02109375 0.034375
6 0.38984375 0.59140625 0.02265625 0.0375
6 0.365625 0.67734375 0.02578125 0.0359375
6 0.14453125 0.59296875 0.025 0.0390625
4 0.5046875 0.58515625 0.02421875 0.03515625
0 0.503125 0.7484375 0.0234375 0.03671875