2 0.50546875 0.153125 0.01875 0.03203125
1 0.50390625 0.365625 0.02421875 0.03203125
7 0.23828125 0.16171875 0.0234375 0.03671875
8 0.21875 0.35546875 0.0234375 0.04453125
6 0.14609375 0.59296875 0.025 0.0421875
3 0.60390625 0.15625 0.02109375 0.02734375
6 0.36484375 0.67890625 0.025 0.040625
6 0.38984375 0.590625 0.02421875 0.0390625
6 0.45 0.59609375 0.03125 0.0375
6 0.5046875 0.54765625 0.02421875 0.03203125
6 0.53125 0.571875 0.025 0.03671875
4 0.50546875 0.58515625 0.025 0.04375
0 0.50390625 0.7484375 0.028125 0.040625