3 0.39453125 0.84453125 0.02265625 0.034375
8 0.5953125 0.84375 0.01953125 0.03203125
1 0.49453125 0.63515625 0.021875 0.0265625
7 0.88046875 0.246875 0.0328125 0.03984375
6 0.85390625 0.41328125 0.02734375 0.03046875
6 0.61015625 0.41015625 0.025 0.03046875
6 0.63515625 0.321875 0.025 0.0421875
6 0.54921875 0.40390625 0.02421875 0.040625
6 0.4703125 0.42890625 0.02109375 0.03203125
6 0.49609375 0.4515625 0.02265625 0.03203125
4 0.4953125 0.41640625 0.02265625 0.03828125
0 0.4953125 0.25078125 0.02421875 0.0359375
2 0.49375 0.84609375 0.01953125 0.021875