7 0.61796875 0.41171875 0.0265625 0.03984375
8 0.59609375 0.84609375 0.02109375 0.03203125
2 0.46171875 0.90234375 0.01953125 0.03125
3 0.39609375 0.84453125 0.0203125 0.03203125
6 0.4015625 0.44140625 0.02421875 0.0359375
1 0.49609375 0.6359375 0.02265625 0.03515625
6 0.43359375 0.74609375 0.02578125 0.034375
6 0.83828125 0.396875 0.025 0.0421875
6 0.5640625 0.334375 0.02265625 0.03359375
6 0.57421875 0.4140625 0.0234375 0.03515625
4 0.490625 0.4328125 0.025 0.02265625
6 0.5078125 0.4 0.02265625 0.0265625
6 0.4875 0.41484375 0.02734375 0.028125
6 0.3421875 0.44296875 0.02265625 0.03671875