8 0.596875 0.84453125 0.02265625 0.0328125
2 0.49375 0.84140625 0.01875 0.02734375
7 0.24375 0.90234375 0.0265625 0.040625
3 0.39453125 0.84375 0.01796875 0.0296875
1 0.49375 0.6328125 0.01953125 0.034375
6 0.49453125 0.45 0.0234375 0.0390625
0 0.49609375 0.25078125 0.0265625 0.0390625
6 0.6125 0.4109375 0.0265625 0.04375
6 0.5515625 0.40234375 0.02265625 0.03828125
6 0.8578125 0.40625 0.0265625 0.0359375
6 0.46796875 0.42890625 0.02734375 0.0390625
4 0.4953125 0.41328125 0.02578125 0.03984375
6 0.634375 0.3203125 0.02421875 0.0390625