8 0.403125 0.84375 0.02421875 0.03046875
2 0.5140625 0.84921875 0.02109375 0.03046875
3 0.65703125 0.89765625 0.0171875 0.03046875
1 0.50390625 0.63515625 0.02109375 0.03359375
0 0.421875 0.16484375 0.025 0.025
4 0.51328125 0.4296875 0.0234375 0.03828125
6 0.31328125 0.18671875 0.02734375 0.03984375
6 0.484375 0.1953125 0.0265625 0.03984375
6 0.47265625 0.36015625 0.02109375 0.03671875
6 0.48046875 0.34375 0.02421875 0.04296875
6 0.49140625 0.36875 0.0265625 0.03671875
6 0.64375 0.434375 0.0234375 0.03203125
6 0.57734375 0.378125 0.021875 0.03671875
6 0.58515625 0.21640625 0.025 0.03359375
6 0.52890625 0.2125 0.0265625 0.04140625
6 0.6875 0.43828125 0.0234375 0.040625
6 0.3375 0.2828125 0.028125 0.0390625
6 0.17734375 0.3703125 0.02578125 0.034375
6 0.4359375 0.3265625 0.028125 0.0421875
6 0.7421875 0.33203125 0.02421875 0.04296875
7 0.5453125 0.75859375 0.02265625 0.034375