2 0.50546875 0.153125 0.01875 0.03203125
6 0.49296875 0.63359375 0.02109375 0.0375
6 0.47109375 0.640625 0.021875 0.0390625
6 0.48125 0.65703125 0.0234375 0.03046875
6 0.66171875 0.8078125 0.02734375 0.0421875
8 0.3953125 0.14765625 0.01953125 0.025
6 0.7671875 0.55703125 0.02265625 0.03828125
3 0.7109375 0.0328125 0.01640625 0.02890625
7 0.403125 0.60078125 0.02890625 0.03359375
1 0.503125 0.36484375 0.02265625 0.028125
0 0.6390625 0.81875 0.02265625 0.04375
6 0.77890625 0.82578125 0.0265625 0.03359375
6 0.84453125 0.83515625 0.0328125 0.02421875