3 0.39296875 0.15625 0.021875 0.03671875
2 0.49453125 0.15703125 0.02109375 0.02578125
8 0.59609375 0.15546875 0.021875 0.03203125
0 0.4953125 0.75 0.02421875 0.040625
1 0.49453125 0.3640625 0.02109375 0.02890625
6 0.6171875 0.57109375 0.0203125 0.03828125
6 0.51796875 0.665625 0.02265625 0.03203125
6 0.49453125 0.64921875 0.0234375 0.03359375
6 0.4703125 0.65390625 0.02109375 0.0453125
6 0.48125 0.6328125 0.02109375 0.01953125
6 0.51875 0.6171875 0.02265625 0.02265625
6 0.49375 0.61953125 0.02421875 0.02421875
6 0.50546875 0.60390625 0.01953125 0.02421875
6 0.48359375 0.603125 0.0203125 0.025
6 0.44296875 0.6484375 0.021875 0.03359375
6 0.45859375 0.61953125 0.0234375 0.0359375
6 0.4859375 0.5671875 0.02421875 0.03359375
4 0.46015625 0.5828125 0.025 0.03515625
7 0.6125 0.6546875 0.02890625 0.0390625
6 0.534375 0.64453125 0.02421875 0.034375
6 0.509375 0.63515625 0.02421875 0.02421875
6 0.49765625 0.590625 0.02265625 0.02109375