3 0.39375 0.15703125 0.02265625 0.0328125
2 0.49296875 0.15625 0.0203125 0.03046875
8 0.59609375 0.15546875 0.0234375 0.03203125
4 0.49375 0.58046875 0.02421875 0.0390625
6 0.49296875 0.63828125 0.02421875 0.0375
6 0.503125 0.61171875 0.02421875 0.034375
6 0.57109375 0.4515625 0.0234375 0.03515625
6 0.84765625 0.534375 0.025 0.03828125
6 0.84453125 0.68671875 0.02734375 0.03359375
6 0.5890625 0.653125 0.0265625 0.04140625
6 0.5375 0.6296875 0.021875 0.03203125
6 0.53203125 0.60859375 0.025 0.03671875
0 0.5234375 0.71796875 0.02734375 0.0390625
6 0.725 0.67734375 0.02421875 0.03984375
7 0.3015625 0.06640625 0.01953125 0.034375
1 0.290625 0.0578125 0.0171875 0.03046875