8 0.5953125 0.84375 0.02109375 0.0328125
2 0.49375 0.8421875 0.02109375 0.03203125
3 0.39296875 0.8421875 0.021875 0.03359375
7 0.65078125 0.26015625 0.028125 0.04453125
6 0.528125 0.36328125 0.025 0.03671875
6 0.48125 0.3640625 0.0234375 0.0375
6 0.50546875 0.36484375 0.025 0.03203125
0 0.49453125 0.25 0.0265625 0.04296875
4 0.496875 0.346875 0.028125 0.03984375
1 0.49375 0.63515625 0.02421875 0.03828125
6 0.515625 0.38515625 0.0234375 0.01640625
6 0.49296875 0.38515625 0.02421875 0.01640625
6 0.50546875 0.3984375 0.0265625 0.015625
6 0.49765625 0.4125 0.0265625 0.015625
6 0.48125 0.39296875 0.021875 0.02890625