2 0.50546875 0.846875 0.01875 0.03203125
1 0.50390625 0.634375 0.02421875 0.03203125
7 0.25078125 0.84609375 0.02109375 0.02890625
8 0.296875 0.73046875 0.02109375 0.0328125
3 0.60703125 0.84375 0.0203125 0.02890625
6 0.14375 0.409375 0.028125 0.0328125
6 0.365625 0.32109375 0.0234375 0.03828125
6 0.3890625 0.40859375 0.0234375 0.03671875
6 0.4484375 0.4046875 0.025 0.03671875
6 0.5046875 0.4515625 0.02421875 0.0296875
4 0.5046875 0.415625 0.0203125 0.0421875
6 0.53203125 0.4296875 0.02265625 0.03828125
0 0.50390625 0.25078125 0.02734375 0.03359375