8 0.59609375 0.84453125 0.02109375 0.0296875
2 0.49453125 0.84453125 0.0203125 0.0296875
3 0.39453125 0.84453125 0.0203125 0.02890625
1 0.4953125 0.63359375 0.02109375 0.03984375
7 0.66640625 0.3875 0.025 0.0421875
4 0.49453125 0.42890625 0.02265625 0.02890625
6 0.62734375 0.18671875 0.0265625 0.0375
6 0.43515625 0.39375 0.02265625 0.0421875
6 0.54453125 0.35078125 0.021875 0.0375
6 0.48203125 0.3640625 0.02578125 0.0375
6 0.50546875 0.3640625 0.021875 0.03125
6 0.5296875 0.36171875 0.02578125 0.0359375
6 0.515625 0.3796875 0.0203125 0.02421875
6 0.49296875 0.378125 0.0265625 0.02109375
6 0.50625 0.39453125 0.025 0.02578125
6 0.48203125 0.3921875 0.025 0.0296875