2 0.49453125 0.153125 0.01875 0.03203125
6 0.50703125 0.63359375 0.02109375 0.0375
6 0.52890625 0.640625 0.021875 0.0390625
6 0.51875 0.65703125 0.0234375 0.03046875
6 0.33828125 0.8078125 0.02734375 0.0421875
8 0.6046875 0.14765625 0.01953125 0.025
6 0.2328125 0.55703125 0.02265625 0.03828125
6 0.36484375 0.56171875 0.02578125 0.0421875
0 0.37578125 0.834375 0.025 0.034375
3 0.28671875 0.03203125 0.02109375 0.03046875
6 0.51328125 0.72734375 0.0265625 0.04453125
6 0.45 0.7859375 0.02578125 0.04375
6 0.21640625 0.834375 0.02890625 0.028125
4 0.4953125 0.5828125 0.028125 0.0421875
7 0.61796875 0.5609375 0.02265625 0.04375
6 0.51640625 0.42890625 0.02109375 0.03671875
1 0.5265625 0.49453125 0.0203125 0.03359375