8 0.40390625 0.15546875 0.02109375 0.0296875
2 0.50546875 0.15546875 0.0203125 0.0296875
3 0.60546875 0.15546875 0.0203125 0.02890625
1 0.5046875 0.36640625 0.02109375 0.03984375
6 0.175 0.6421875 0.02265625 0.0375
6 0.30546875 0.41875 0.0265625 0.0375
6 0.85 0.4890625 0.025 0.034375
6 0.6453125 0.6578125 0.02265625 0.04453125
6 0.59375 0.60703125 0.02578125 0.0359375
6 0.575 0.65234375 0.02421875 0.0375
6 0.540625 0.71953125 0.025 0.04453125
6 0.49296875 0.57421875 0.02421875 0.0390625
6 0.46875 0.609375 0.025 0.03203125
6 0.48359375 0.6265625 0.021875 0.03203125
6 0.5 0.615625 0.0265625 0.03359375
6 0.49765625 0.640625 0.01953125 0.03046875
6 0.5078125 0.6546875 0.02109375 0.0359375
6 0.4765625 0.6609375 0.02265625 0.040625
0 0.5046875 0.7484375 0.028125 0.0359375
4 0.54765625 0.42265625 0.02421875 0.0390625
7 0.71171875 0.18828125 0.021875 0.03046875