4 0.50859375 0.42890625 0.021875 0.025
3 0.60390625 0.84453125 0.02109375 0.0328125
8 0.403125 0.8453125 0.0203125 0.0296875
2 0.5375 0.903125 0.01796875 0.028125
6 0.56640625 0.74453125 0.02109375 0.0328125
1 0.50546875 0.63515625 0.02109375 0.0296875
6 0.51015625 0.4078125 0.0234375 0.02578125
6 0.490625 0.39765625 0.025 0.034375
6 0.43671875 0.33515625 0.02265625 0.0390625
6 0.42578125 0.41640625 0.02265625 0.034375
6 0.59921875 0.4421875 0.02734375 0.034375
6 0.65859375 0.44453125 0.025 0.0359375
6 0.17890625 0.39921875 0.02578125 0.0375
7 0.3828125 0.4125 0.02578125 0.0375