7 0.42109375 0.34375 0.02734375 0.0390625
2 0.53828125 0.90234375 0.01953125 0.03125
3 0.60390625 0.84453125 0.0203125 0.03203125
1 0.50390625 0.6359375 0.02265625 0.03515625
6 0.1609375 0.3984375 0.025 0.0421875
6 0.85703125 0.340625 0.0265625 0.034375
6 0.42578125 0.4140625 0.0234375 0.03515625
4 0.509375 0.4328125 0.025 0.02265625
6 0.51015625 0.41015625 0.02578125 0.03203125
6 0.6578125 0.44296875 0.02265625 0.03671875
0 0.5046875 0.25234375 0.025 0.040625
8 0.40703125 0.8421875 0.01953125 0.03046875