2 0.49453125 0.846875 0.01875 0.03203125
4 0.48359375 0.41953125 0.02578125 0.0390625
6 0.50703125 0.36640625 0.02109375 0.0375
6 0.52890625 0.359375 0.021875 0.0390625
6 0.51875 0.34296875 0.0234375 0.03046875
6 0.415625 0.2140625 0.0265625 0.0390625
6 0.33828125 0.1921875 0.02734375 0.0421875
6 0.215625 0.16484375 0.02734375 0.02734375
8 0.6046875 0.85234375 0.01953125 0.025
6 0.2375 0.303125 0.0265625 0.03828125
1 0.525 0.50234375 0.0265625 0.03359375
6 0.3921875 0.20078125 0.02421875 0.0453125
6 0.2328125 0.44296875 0.02265625 0.03828125
6 0.2953125 0.29453125 0.02890625 0.040625
6 0.36484375 0.43828125 0.02578125 0.0421875
6 0.5453125 0.296875 0.03046875 0.03515625
6 0.5203125 0.26171875 0.028125 0.0328125
0 0.37578125 0.165625 0.025 0.034375
3 0.2875 0.9640625 0.02109375 0.02890625
7 0.35234375 0.95625 0.01953125 0.03046875