3 0.60390625 0.84453125 0.02109375 0.0328125
4 0.51015625 0.4328125 0.02578125 0.02734375
6 0.509375 0.40859375 0.0234375 0.02578125
6 0.4921875 0.396875 0.0234375 0.034375
8 0.40390625 0.846875 0.02109375 0.03046875
1 0.50546875 0.63515625 0.02265625 0.03359375
2 0.53828125 0.90390625 0.01953125 0.02734375
6 0.5671875 0.74765625 0.025 0.0359375
6 0.85625 0.34140625 0.02578125 0.0359375
6 0.4265625 0.4140625 0.02578125 0.03671875
6 0.159375 0.4 0.0234375 0.03828125
0 0.5046875 0.25546875 0.025 0.03515625
6 0.6578125 0.4453125 0.025 0.0421875
7 0.68984375 0.60546875 0.025 0.040625