3 0.60703125 0.15625 0.021875 0.03671875
2 0.50546875 0.15703125 0.02109375 0.02578125
8 0.40390625 0.15546875 0.021875 0.03203125
0 0.5046875 0.75 0.02421875 0.040625
1 0.50546875 0.3640625 0.02109375 0.02890625
6 0.4828125 0.6609375 0.02421875 0.03359375
6 0.50625 0.64921875 0.02265625 0.03359375
6 0.4734375 0.6375 0.025 0.03828125
6 0.49453125 0.6375 0.0171875 0.0296875
6 0.5171875 0.6359375 0.0265625 0.028125
6 0.53984375 0.63515625 0.02421875 0.0296875
6 0.484375 0.615625 0.02421875 0.02109375
6 0.50625 0.6171875 0.021875 0.0234375
6 0.528125 0.61640625 0.02421875 0.02265625
6 0.4953125 0.603125 0.02265625 0.0203125
6 0.515625 0.603125 0.0203125 0.0234375
4 0.50703125 0.58046875 0.02421875 0.02578125
6 0.3828125 0.57109375 0.0203125 0.03828125
6 0.52890625 0.653125 0.02265625 0.04140625
7 0.59140625 0.6625 0.025 0.05078125