3 0.39609375 0.84453125 0.02109375 0.0328125
1 0.49453125 0.6328125 0.025 0.03203125
8 0.596875 0.84453125 0.02109375 0.03203125
2 0.4953125 0.84375 0.01953125 0.028125
6 0.43359375 0.39453125 0.0265625 0.040625
4 0.49609375 0.428125 0.02578125 0.03046875
6 0.4828125 0.39453125 0.0234375 0.03203125
6 0.49609375 0.40703125 0.02421875 0.02109375
6 0.4828125 0.3640625 0.025 0.03828125
6 0.49375 0.38359375 0.0203125 0.0203125
6 0.51640625 0.38359375 0.0203125 0.01796875
6 0.503125 0.36015625 0.02109375 0.03671875
6 0.52734375 0.3625 0.021875 0.034375
6 0.54453125 0.34921875 0.02265625 0.034375
6 0.625 0.18359375 0.0265625 0.04296875
7 0.3609375 0.2578125 0.028125 0.0390625
0 0.4953125 0.2515625 0.0296875 0.0359375