3 0.60546875 0.84453125 0.02265625 0.034375
8 0.4046875 0.84375 0.01953125 0.03203125
1 0.50546875 0.63515625 0.021875 0.0265625
2 0.50546875 0.84375 0.0203125 0.028125
7 0.22734375 0.325 0.02265625 0.03828125
6 0.14453125 0.40703125 0.02421875 0.04140625
6 0.36328125 0.32265625 0.02421875 0.0421875
6 0.38984375 0.41171875 0.02421875 0.034375
6 0.45078125 0.40234375 0.02265625 0.034375
6 0.53203125 0.428125 0.021875 0.034375
6 0.50546875 0.45078125 0.02109375 0.028125
4 0.50546875 0.41796875 0.025 0.03203125
0 0.50546875 0.2515625 0.02109375 0.0359375