2 0.49375 0.84375 0.02265625 0.028125
8 0.67421875 0.88359375 0.02109375 0.034375
1 0.4765625 0.6125 0.01875 0.0359375
4 0.15859375 0.43125 0.02578125 0.034375
6 0.5359375 0.50703125 0.0265625 0.03359375
6 0.51171875 0.36640625 0.02109375 0.0375
6 0.18828125 0.39453125 0.0234375 0.0390625
6 0.13984375 0.375 0.028125 0.0359375
3 0.39453125 0.84453125 0.02265625 0.034375
7 0.58984375 0.28515625 0.02734375 0.04453125
6 0.35703125 0.46953125 0.02578125 0.0359375
6 0.4171875 0.384375 0.0265625 0.04375
6 0.50703125 0.39296875 0.02578125 0.03125
6 0.48984375 0.35078125 0.0203125 0.0390625
6 0.4671875 0.33671875 0.01953125 0.04296875
6 0.49375 0.315625 0.0265625 0.0421875
0 0.49609375 0.25234375 0.025 0.04375