8 0.59609375 0.84375 0.02109375 0.03203125
2 0.49453125 0.84375 0.0203125 0.03203125
1 0.49609375 0.6328125 0.0234375 0.0328125
6 0.85390625 0.40703125 0.0265625 0.0421875
6 0.5515625 0.4046875 0.02578125 0.0375
6 0.61015625 0.4125 0.02109375 0.03515625
6 0.49375 0.45234375 0.0203125 0.0359375
6 0.47890625 0.30625 0.0265625 0.0375
6 0.634375 0.31953125 0.02421875 0.034375
4 0.49375 0.4140625 0.02421875 0.03984375
6 0.46953125 0.4296875 0.0234375 0.034375
0 0.49609375 0.24921875 0.02578125 0.03984375
7 0.24453125 0.63984375 0.025 0.03828125
3 0.39453125 0.8421875 0.01953125 0.02734375