8 0.40390625 0.15546875 0.02109375 0.0296875
2 0.50546875 0.15546875 0.0203125 0.0296875
3 0.60546875 0.15546875 0.0203125 0.02890625
1 0.5046875 0.36640625 0.02109375 0.03984375
4 0.50546875 0.57109375 0.02265625 0.02890625
0 0.5046875 0.7515625 0.0265625 0.0359375
4 0.546875 0.4265625 0.0234375 0.034375
7 0.71640625 0.18671875 0.0203125 0.0390625
6 0.85 0.49453125 0.02578125 0.0390625
6 0.64375 0.65625 0.0234375 0.0453125
6 0.540625 0.72109375 0.02578125 0.0375
6 0.575 0.65390625 0.02578125 0.0375
6 0.59453125 0.60703125 0.028125 0.034375
6 0.47578125 0.66015625 0.0234375 0.0375