8 0.4046875 0.15390625 0.02109375 0.034375
2 0.5046875 0.15703125 0.01796875 0.0296875
3 0.60390625 0.15703125 0.01875 0.03125
7 0.46328125 0.35625 0.02265625 0.03671875
1 0.50625 0.3671875 0.01953125 0.034375
0 0.50390625 0.7484375 0.02421875 0.0390625
6 0.38984375 0.78359375 0.025 0.03828125
6 0.840625 0.659375 0.02265625 0.03515625
6 0.4765625 0.68515625 0.02109375 0.03359375
6 0.546875 0.678125 0.02109375 0.03359375
6 0.565625 0.60546875 0.0234375 0.03359375
6 0.615625 0.61171875 0.0203125 0.03515625
6 0.47265625 0.63828125 0.021875 0.0328125
6 0.49375 0.63828125 0.0234375 0.03515625
6 0.5171875 0.63828125 0.0234375 0.03828125
6 0.503125 0.58984375 0.02109375 0.01875
6 0.51875 0.6046875 0.02109375 0.01796875
6 0.48671875 0.6140625 0.01640625 0.01328125
6 0.5078125 0.61484375 0.02109375 0.0109375
6 0.49921875 0.6015625 0.02109375 0.009375
4 0.50546875 0.5703125 0.0234375 0.021875