8 0.403125 0.15625 0.02265625 0.0328125
2 0.50625 0.15859375 0.01875 0.02734375
7 0.7609375 0.109375 0.02265625 0.0375
3 0.60546875 0.15625 0.01796875 0.0296875
1 0.5078125 0.36953125 0.01953125 0.034375
6 0.53046875 0.57109375 0.0234375 0.0390625
0 0.50390625 0.74921875 0.0265625 0.0390625
6 0.50546875 0.54765625 0.02578125 0.040625
6 0.4484375 0.59609375 0.02265625 0.03828125
6 0.3671875 0.68125 0.0265625 0.04453125
6 0.52109375 0.690625 0.02734375 0.0390625
4 0.5046875 0.584375 0.02578125 0.03984375
6 0.14375 0.5921875 0.02734375 0.03671875
6 0.38984375 0.59140625 0.0234375 0.0375