8 0.675 0.11796875 0.01875 0.0328125
2 0.4953125 0.15625 0.0203125 0.03046875
4 0.1578125 0.57109375 0.028125 0.0359375
6 0.53671875 0.49140625 0.0234375 0.0375
6 0.35703125 0.5296875 0.025 0.034375
6 0.50625 0.6046875 0.02265625 0.03359375
6 0.5125 0.628125 0.02421875 0.02734375
6 0.18671875 0.6046875 0.0234375 0.040625
3 0.39375 0.15703125 0.02421875 0.03046875
1 0.4765625 0.38828125 0.0203125 0.0328125
6 0.53125 0.67578125 0.02265625 0.0328125
6 0.61796875 0.56953125 0.02421875 0.03671875
6 0.5109375 0.64453125 0.02421875 0.0359375
6 0.4984375 0.6640625 0.021875 0.0296875
6 0.4796875 0.6359375 0.0234375 0.02734375
6 0.47421875 0.65546875 0.02265625 0.034375
7 0.6609375 0.64375 0.02890625 0.0421875
0 0.49609375 0.746875 0.02890625 0.0421875
6 0.14140625 0.625 0.025 0.0375