7 0.2203125 0.78125 0.02890625 0.046875
8 0.59609375 0.15390625 0.02109375 0.03203125
2 0.46171875 0.09765625 0.01953125 0.03125
3 0.39609375 0.15546875 0.0203125 0.03203125
6 0.4015625 0.55859375 0.02421875 0.0359375
1 0.49609375 0.3640625 0.02265625 0.03515625
6 0.43359375 0.25390625 0.02578125 0.034375
6 0.8390625 0.6015625 0.025 0.0421875
6 0.14296875 0.659375 0.0265625 0.034375
6 0.57421875 0.5859375 0.0234375 0.03515625
4 0.490625 0.5671875 0.025 0.02265625
6 0.5078125 0.60234375 0.0234375 0.03125
6 0.48984375 0.58984375 0.02578125 0.03203125
6 0.3421875 0.55703125 0.02265625 0.03671875