3 0.60703125 0.84375 0.021875 0.03671875
2 0.50546875 0.84296875 0.02109375 0.02578125
8 0.40390625 0.84453125 0.021875 0.03203125
0 0.5046875 0.25 0.02421875 0.040625
1 0.50546875 0.6359375 0.02109375 0.02890625
7 0.61953125 0.3890625 0.02734375 0.0359375
6 0.53125 0.42890625 0.02421875 0.04140625
6 0.51796875 0.36171875 0.01953125 0.03828125
6 0.4953125 0.36171875 0.02578125 0.03828125
6 0.5046875 0.45234375 0.0265625 0.03125
6 0.44921875 0.403125 0.021875 0.0359375
6 0.4171875 0.365625 0.0265625 0.04375
6 0.3890625 0.40859375 0.02578125 0.04140625
4 0.46953125 0.31640625 0.025 0.0421875