2 0.50546875 0.84453125 0.01953125 0.03125
3 0.60390625 0.84453125 0.0203125 0.03203125
4 0.546875 0.571875 0.03125 0.04296875
8 0.4046875 0.84375 0.01953125 0.03046875
7 0.684375 0.72421875 0.02734375 0.03984375
1 0.50390625 0.634375 0.0234375 0.0359375
6 0.3046875 0.57890625 0.02734375 0.03515625
6 0.1734375 0.35625 0.02578125 0.03671875
6 0.47578125 0.3390625 0.021875 0.0328125
6 0.57421875 0.3453125 0.025 0.0375
6 0.49453125 0.36484375 0.02109375 0.028125
6 0.50625 0.3453125 0.0234375 0.034375
6 0.5953125 0.39296875 0.02578125 0.0375
6 0.47890625 0.37578125 0.02421875 0.03125
6 0.50234375 0.38515625 0.02421875 0.03046875
6 0.64453125 0.34296875 0.025 0.0375
6 0.49296875 0.42578125 0.0234375 0.03359375
6 0.540625 0.28203125 0.02890625 0.04140625
6 0.22734375 0.584375 0.02734375 0.0375
0 0.50546875 0.25078125 0.02578125 0.04296875
6 0.8515625 0.5046875 0.02734375 0.04453125