8 0.4046875 0.15625 0.02109375 0.0328125
2 0.50625 0.1578125 0.02109375 0.03203125
3 0.60703125 0.1578125 0.021875 0.03359375
6 0.30078125 0.715625 0.02890625 0.04296875
7 0.35078125 0.73359375 0.03203125 0.04296875
6 0.41171875 0.65625 0.025 0.03671875
6 0.50703125 0.6390625 0.02265625 0.0359375
0 0.5046875 0.7484375 0.0296875 0.0421875
6 0.4625 0.63203125 0.025 0.03671875
6 0.46796875 0.60859375 0.02578125 0.0328125
6 0.3765625 0.68984375 0.025 0.0421875
6 0.4984375 0.6125 0.02421875 0.03046875
6 0.5203125 0.77890625 0.02578125 0.04296875
1 0.71875 0.04765625 0.02421875 0.03828125
6 0.15234375 0.53828125 0.0265625 0.0390625
6 0.1734375 0.64375 0.0296875 0.046875
6 0.30390625 0.4171875 0.02421875 0.03828125
4 0.546875 0.42265625 0.025 0.040625