6 0.571875 0.55078125 0.02421875 0.03046875
6 0.84765625 0.46640625 0.02421875 0.034375
6 0.84375 0.3078125 0.0265625 0.0390625
6 0.7609375 0.353125 0.02421875 0.040625
6 0.72421875 0.3203125 0.0265625 0.0375
6 0.6328125 0.2734375 0.028125 0.0375
6 0.5375 0.37109375 0.02890625 0.0375
6 0.5328125 0.38984375 0.0265625 0.0375
6 0.50625 0.38203125 0.0265625 0.034375
0 0.521875 0.28203125 0.02578125 0.0359375
4 0.49453125 0.41875 0.02578125 0.02578125
1 0.29296875 0.94140625 0.015625 0.0328125
3 0.39296875 0.84375 0.021875 0.03671875
2 0.49453125 0.84296875 0.02109375 0.02578125
8 0.59609375 0.84453125 0.021875 0.03203125
7 0.3046875 0.88828125 0.01953125 0.03203125