6 0.85625 0.65625 0.02109375 0.0328125
6 0.75703125 0.790625 0.025 0.0359375
6 0.55390625 0.65 0.02265625 0.0328125
6 0.49453125 0.64296875 0.02109375 0.03125
6 0.51875 0.63671875 0.0234375 0.034375
6 0.47890625 0.621875 0.02109375 0.0328125
6 0.50625 0.6140625 0.02109375 0.0171875
6 0.52734375 0.6078125 0.0203125 0.0328125
6 0.47265625 0.59765625 0.0234375 0.0203125
1 0.50546875 0.36640625 0.02265625 0.03515625
6 0.5671875 0.25390625 0.01875 0.03359375
3 0.6046875 0.1546875 0.021875 0.02890625
8 0.403125 0.1546875 0.01953125 0.03203125
2 0.53984375 0.09609375 0.01875 0.02265625
6 0.50703125 0.590625 0.01796875 0.0234375
6 0.4859375 0.58515625 0.02109375 0.0265625
4 0.50859375 0.57265625 0.0234375 0.015625
7 0.66875 0.7046875 0.02578125 0.0375
0 0.88828125 0.81171875 0.02578125 0.04375