3 0.60703125 0.15625 0.021875 0.03671875
2 0.50546875 0.15703125 0.02109375 0.02578125
0 0.5046875 0.75 0.02421875 0.040625
1 0.50546875 0.3640625 0.02109375 0.02890625
8 0.4046875 0.15546875 0.02109375 0.0296875
7 0.85546875 0.5921875 0.02890625 0.0421875
6 0.49375 0.634375 0.02734375 0.0359375
6 0.51875 0.63359375 0.021875 0.0375
6 0.53046875 0.56875 0.0203125 0.0359375
6 0.50546875 0.54921875 0.021875 0.0390625
6 0.45 0.59609375 0.021875 0.0375
6 0.41640625 0.63359375 0.021875 0.0375
6 0.38984375 0.5875 0.02421875 0.03203125