8 0.59453125 0.15546875 0.02265625 0.0328125
2 0.49375 0.15859375 0.01875 0.02734375
3 0.39453125 0.15625 0.01796875 0.0296875
1 0.49296875 0.36796875 0.01953125 0.034375
6 0.46953125 0.5671875 0.0234375 0.0390625
6 0.55234375 0.596875 0.02421875 0.0328125
6 0.49453125 0.54609375 0.02734375 0.0390625
4 0.49609375 0.584375 0.02578125 0.03984375
0 0.4953125 0.74921875 0.025 0.04296875
7 0.284375 0.73203125 0.028125 0.04375
6 0.77421875 0.8296875 0.02734375 0.04140625
6 0.61171875 0.58984375 0.02421875 0.0375
6 0.6359375 0.678125 0.025 0.03671875
6 0.8546875 0.5921875 0.0296875 0.0390625