2 0.49375 0.84375 0.02265625 0.028125
3 0.39453125 0.84453125 0.02265625 0.034375
8 0.596875 0.84296875 0.02265625 0.0296875
1 0.49375 0.6359375 0.01953125 0.025
0 0.4953125 0.2515625 0.02421875 0.03984375
7 0.48671875 0.1671875 0.03125 0.0328125
4 0.49609375 0.42890625 0.0265625 0.02734375
6 0.434375 0.39609375 0.021875 0.03828125
6 0.3828125 0.38828125 0.02265625 0.03203125
6 0.453125 0.3234375 0.02265625 0.0328125
6 0.62578125 0.18671875 0.025 0.0359375
6 0.52421875 0.31484375 0.025 0.03203125
6 0.5046875 0.3265625 0.02421875 0.03203125
6 0.53046875 0.36484375 0.0234375 0.0328125
6 0.50703125 0.365625 0.02578125 0.03203125
6 0.48359375 0.36171875 0.02109375 0.0359375
6 0.48125 0.38984375 0.02578125 0.03515625
6 0.496875 0.40703125 0.02265625 0.02265625
6 0.5171875 0.384375 0.01953125 0.01953125