8 0.40390625 0.8453125 0.02109375 0.03203125
2 0.50546875 0.84375 0.0203125 0.03203125
1 0.50625 0.6296875 0.0234375 0.0328125
3 0.6046875 0.84140625 0.0234375 0.0328125
6 0.51953125 0.3078125 0.02578125 0.0375
6 0.1453125 0.4046875 0.02109375 0.03515625
6 0.38984375 0.41015625 0.02421875 0.03828125
6 0.5046875 0.45078125 0.0203125 0.0359375
6 0.5328125 0.428125 0.0265625 0.0375
6 0.3671875 0.3203125 0.02421875 0.034375
4 0.50546875 0.41171875 0.02421875 0.03984375
6 0.45 0.4015625 0.0234375 0.034375
0 0.50390625 0.24921875 0.02578125 0.03984375
7 0.796875 0.7484375 0.025 0.03828125