2 0.49375 0.15625 0.02265625 0.028125
3 0.39453125 0.15546875 0.02265625 0.034375
8 0.6734375 0.11796875 0.01953125 0.0296875
1 0.47734375 0.38828125 0.02109375 0.040625
6 0.35546875 0.53125 0.021875 0.0390625
6 0.1875 0.60390625 0.0265625 0.03203125
6 0.41796875 0.615625 0.02421875 0.0390625
4 0.1578125 0.56953125 0.02734375 0.03125
6 0.5375 0.48984375 0.021875 0.0328125
6 0.50703125 0.60625 0.0234375 0.03125
6 0.51171875 0.62890625 0.01875 0.0359375
0 0.49609375 0.75 0.028125 0.0421875
7 0.22890625 0.753125 0.025 0.03984375
6 0.30859375 0.65390625 0.02578125 0.04296875
6 0.4234375 0.52578125 0.0265625 0.03671875