8 0.3265625 0.88125 0.02265625 0.0328125
2 0.50625 0.84140625 0.01875 0.02734375
7 0.35703125 0.34921875 0.028125 0.04453125
3 0.60546875 0.84375 0.01796875 0.0296875
1 0.52265625 0.609375 0.01953125 0.034375
6 0.64453125 0.46953125 0.0234375 0.0390625
6 0.46328125 0.5109375 0.0265625 0.0390625
6 0.50625 0.3171875 0.02421875 0.03828125
6 0.81015625 0.3984375 0.01796875 0.021875
6 0.53203125 0.3375 0.02109375 0.03671875
6 0.584375 0.38359375 0.02265625 0.03828125
6 0.48828125 0.3703125 0.025 0.03203125
6 0.509375 0.35078125 0.02578125 0.03359375
6 0.49453125 0.39375 0.025 0.02890625