2 0.50625 0.84375 0.02265625 0.028125
3 0.60546875 0.84453125 0.02265625 0.034375
8 0.3265625 0.88203125 0.01953125 0.0296875
1 0.52265625 0.61171875 0.02109375 0.040625
6 0.46171875 0.51015625 0.02109375 0.03671875
6 0.575 0.471875 0.021875 0.0375
6 0.64453125 0.46875 0.021875 0.0390625
6 0.8125 0.39609375 0.0265625 0.03203125
6 0.859375 0.3765625 0.0234375 0.03515625
6 0.690625 0.3484375 0.02578125 0.03671875
6 0.58203125 0.384375 0.02421875 0.0390625
6 0.49375 0.3953125 0.025 0.03515625
6 0.4875 0.36796875 0.025 0.0390625
4 0.8421875 0.43046875 0.02734375 0.03125
7 0.39921875 0.46875 0.02578125 0.0421875