8 0.4046875 0.84375 0.02109375 0.0328125
2 0.50625 0.8421875 0.02109375 0.03203125
3 0.60703125 0.8421875 0.021875 0.03359375
7 0.3515625 0.259375 0.028125 0.04453125
6 0.471875 0.3625 0.0234375 0.03515625
6 0.51875 0.3625 0.0234375 0.0328125
6 0.49453125 0.3640625 0.02265625 0.0328125
1 0.50703125 0.63671875 0.02421875 0.03828125
0 0.50390625 0.25 0.02734375 0.0421875
4 0.503125 0.3484375 0.0234375 0.0359375
6 0.48359375 0.38828125 0.025 0.015625
6 0.5078125 0.38828125 0.02421875 0.01640625
6 0.49609375 0.4015625 0.02890625 0.01484375
6 0.5171875 0.39609375 0.0234375 0.025
6 0.50234375 0.4140625 0.0265625 0.015625