3 0.60546875 0.15546875 0.02265625 0.034375
8 0.4046875 0.15625 0.01953125 0.03203125
1 0.50546875 0.36484375 0.021875 0.0265625
2 0.5046875 0.15625 0.01640625 0.02890625
7 0.46484375 0.48984375 0.02890625 0.0390625
6 0.14375 0.59296875 0.021875 0.034375
6 0.365625 0.678125 0.0265625 0.034375
6 0.3890625 0.58828125 0.02265625 0.03203125
6 0.4515625 0.59765625 0.01953125 0.03203125
6 0.50625 0.54765625 0.021875 0.0328125
6 0.53203125 0.57109375 0.02265625 0.034375
4 0.50546875 0.58359375 0.021875 0.03046875
0 0.503125 0.74765625 0.02578125 0.0328125