2 0.49453125 0.84296875 0.02109375 0.02578125
0 0.4953125 0.25 0.02421875 0.040625
1 0.49453125 0.6359375 0.02109375 0.02890625
8 0.675 0.88359375 0.01953125 0.03203125
6 0.61875 0.43046875 0.0234375 0.03203125
6 0.35625 0.46796875 0.01953125 0.03125
6 0.50546875 0.39453125 0.01640625 0.03359375
6 0.51171875 0.3671875 0.0203125 0.025
6 0.51171875 0.3484375 0.02109375 0.02890625
6 0.4796875 0.3640625 0.02109375 0.02734375
6 0.47421875 0.34140625 0.025 0.0328125
6 0.4984375 0.33359375 0.0234375 0.03828125
6 0.53359375 0.325 0.02265625 0.03359375
6 0.56328125 0.321875 0.02421875 0.03359375
4 0.1578125 0.428125 0.028125 0.0390625
6 0.3890625 0.41953125 0.02265625 0.0328125
6 0.53515625 0.50546875 0.03046875 0.03671875
6 0.18671875 0.39453125 0.02890625 0.040625
6 0.14140625 0.37734375 0.025 0.0359375
3 0.421875 0.8703125 0.0203125 0.03125
7 0.23828125 0.9359375 0.02109375 0.028125
6 0.47109375 0.88828125 0.0171875 0.0296875