2 0.49375 0.84375 0.02265625 0.028125
3 0.39453125 0.84453125 0.02265625 0.034375
8 0.5953125 0.8453125 0.01953125 0.03203125
7 0.1984375 0.79921875 0.025 0.04296875
1 0.4921875 0.63671875 0.01796875 0.02734375
6 0.46875 0.43125 0.02109375 0.03515625
6 0.49375 0.4515625 0.02265625 0.03515625
6 0.47890625 0.31015625 0.02421875 0.0375
6 0.55078125 0.40234375 0.0234375 0.03515625
6 0.61171875 0.41171875 0.02578125 0.0328125
6 0.85625 0.40859375 0.02265625 0.0328125
6 0.63515625 0.32265625 0.021875 0.03984375
0 0.4953125 0.25 0.0234375 0.0375
4 0.49453125 0.41640625 0.02421875 0.0375