8 0.5953125 0.15625 0.02109375 0.0328125
2 0.49375 0.1578125 0.02109375 0.03203125
3 0.3953125 0.1578125 0.021875 0.03359375
1 0.49375 0.36640625 0.02421875 0.03828125
6 0.64609375 0.81796875 0.02890625 0.04296875
0 0.6640625 0.79375 0.028125 0.0484375
7 0.2703125 0.0875 0.02578125 0.04140625
6 0.69453125 0.41875 0.025 0.0359375
6 0.58828125 0.65625 0.025 0.03671875
6 0.48046875 0.77734375 0.02421875 0.03828125
6 0.49296875 0.6390625 0.02265625 0.0359375
6 0.66328125 0.73359375 0.0296875 0.0390625
6 0.5375 0.63203125 0.025 0.03671875
6 0.53203125 0.60859375 0.02578125 0.0328125
6 0.646875 0.71640625 0.025 0.034375
6 0.5078125 0.5734375 0.028125 0.0390625
4 0.45234375 0.42109375 0.0296875 0.04375
6 0.496875 0.6140625 0.02421875 0.028125
6 0.796875 0.75 0.0265625 0.040625
6 0.82578125 0.64375 0.02578125 0.04296875
6 0.8484375 0.5359375 0.0265625 0.040625