8 0.675 0.88203125 0.01875 0.0328125
2 0.4953125 0.84375 0.0203125 0.03046875
3 0.425 0.87890625 0.0171875 0.0328125
1 0.49296875 0.634375 0.0203125 0.03125
4 0.1578125 0.42890625 0.028125 0.0359375
0 0.49609375 0.2515625 0.0265625 0.03359375
6 0.53671875 0.50859375 0.0234375 0.0375
6 0.61875 0.4328125 0.0234375 0.034375
6 0.35703125 0.4703125 0.025 0.034375
6 0.38828125 0.421875 0.02265625 0.034375
6 0.50625 0.3953125 0.02265625 0.03359375
6 0.5125 0.371875 0.02421875 0.02734375
6 0.51015625 0.3515625 0.0203125 0.03203125
6 0.4984375 0.33671875 0.02109375 0.034375
6 0.47890625 0.3671875 0.025 0.02421875
6 0.475 0.3421875 0.021875 0.03828125
6 0.53359375 0.32421875 0.02265625 0.03671875
6 0.5640625 0.321875 0.0265625 0.03828125
6 0.18671875 0.3953125 0.0234375 0.040625
6 0.14140625 0.37578125 0.02578125 0.0359375
7 0.20703125 0.85546875 0.0203125 0.03515625
6 0.75390625 0.7671875 0.01640625 0.03046875