3 0.60703125 0.15625 0.021875 0.03671875
2 0.50546875 0.15703125 0.02109375 0.02578125
0 0.5046875 0.75 0.02421875 0.040625
1 0.50546875 0.3640625 0.02109375 0.02890625
8 0.40390625 0.15390625 0.02109375 0.03515625
7 0.81484375 0.578125 0.028125 0.03984375
6 0.50546875 0.54765625 0.02265625 0.03515625
6 0.53046875 0.56953125 0.02109375 0.02890625
6 0.5171875 0.6359375 0.01953125 0.03203125
6 0.49375 0.6359375 0.0234375 0.034375
6 0.44921875 0.5953125 0.02421875 0.0390625
6 0.4171875 0.63359375 0.0203125 0.0359375
6 0.38828125 0.5875 0.02265625 0.034375