3 0.39609375 0.84453125 0.02109375 0.0328125
4 0.49296875 0.428125 0.01953125 0.03046875
6 0.48984375 0.40390625 0.02109375 0.034375
6 0.3421875 0.44375 0.0234375 0.034375
6 0.1453125 0.34140625 0.025 0.04140625
6 0.5734375 0.4125 0.021875 0.03203125
6 0.84140625 0.39609375 0.02578125 0.034375
2 0.4625 0.9015625 0.0234375 0.03046875
1 0.49765625 0.6328125 0.01796875 0.03203125
0 0.49609375 0.2515625 0.02890625 0.0390625
6 0.50703125 0.396875 0.02265625 0.034375
7 0.71484375 0.58671875 0.0265625 0.03046875