8 0.4046875 0.15703125 0.02109375 0.03203125
2 0.50546875 0.15625 0.0203125 0.03203125
1 0.50703125 0.365625 0.0234375 0.0328125
6 0.2578125 0.60703125 0.0265625 0.0421875
6 0.38046875 0.66953125 0.02578125 0.03828125
6 0.390625 0.59296875 0.02578125 0.0375
6 0.53046875 0.57265625 0.02109375 0.03515625
6 0.52109375 0.6875 0.02421875 0.03828125
6 0.5046875 0.54609375 0.021875 0.02890625
6 0.45 0.5984375 0.02421875 0.034375
4 0.50390625 0.5828125 0.021875 0.034375
7 0.65234375 0.61484375 0.025 0.03828125
3 0.60546875 0.15703125 0.01875 0.0265625
0 0.5046875 0.7515625 0.02578125 0.04375