8 0.403125 0.15625 0.02421875 0.03046875
1 0.50390625 0.36484375 0.02109375 0.03359375
0 0.421875 0.83515625 0.025 0.025
6 0.31328125 0.81328125 0.02734375 0.03984375
6 0.484375 0.8046875 0.0265625 0.03984375
6 0.58515625 0.78359375 0.025 0.03359375
6 0.52890625 0.7875 0.0265625 0.04140625
2 0.50546875 0.159375 0.01875 0.0296875
3 0.60546875 0.15703125 0.021875 0.0296875
7 0.7515625 0.15625 0.0203125 0.03125
6 0.36640625 0.6765625 0.02421875 0.0390625
6 0.14453125 0.5921875 0.021875 0.034375
6 0.38828125 0.58984375 0.02265625 0.03828125
6 0.45 0.5953125 0.025 0.0359375
6 0.5046875 0.5484375 0.02265625 0.03359375
6 0.53125 0.5703125 0.0265625 0.03671875