8 0.40546875 0.15546875 0.02265625 0.0328125
3 0.60546875 0.15625 0.01796875 0.0296875
1 0.5046875 0.36640625 0.0234375 0.0375
6 0.50078125 0.65390625 0.02109375 0.0375
6 0.49453125 0.63515625 0.025 0.03203125
4 0.50703125 0.5734375 0.0234375 0.01953125
0 0.46171875 0.825 0.025 0.04296875
7 0.584375 0.1375 0.02421875 0.0390625
6 0.55546875 0.615625 0.0234375 0.0390625
6 0.45546875 0.6375 0.02578125 0.04140625
6 0.47890625 0.66328125 0.025 0.03984375
6 0.40859375 0.62109375 0.028125 0.0390625
6 0.51796875 0.6359375 0.0234375 0.03125
6 0.5421875 0.6375 0.02421875 0.034375
6 0.4828125 0.6171875 0.02109375 0.01796875
6 0.50390625 0.615625 0.02421875 0.015625
6 0.49453125 0.603125 0.02421875 0.0140625
6 0.5171875 0.60625 0.028125 0.0203125
6 0.50625 0.58828125 0.0265625 0.015625
6 0.5296875 0.65078125 0.025 0.03359375
2 0.51328125 0.1515625 0.01875 0.02734375
6 0.528125 0.61640625 0.021875 0.0140625