3 0.60390625 0.84453125 0.02109375 0.0328125
8 0.4046875 0.84375 0.01953125 0.03046875
1 0.5046875 0.63671875 0.02265625 0.03203125
2 0.50546875 0.84375 0.02109375 0.03515625
6 0.4828125 0.38359375 0.02265625 0.0125
6 0.50703125 0.38359375 0.02578125 0.009375
6 0.5296875 0.37578125 0.01953125 0.03359375
6 0.471875 0.3625 0.02265625 0.02734375
6 0.478125 0.33984375 0.021875 0.03359375
6 0.49453125 0.3625 0.0203125 0.0296875
6 0.50703125 0.34765625 0.0203125 0.03046875
6 0.5171875 0.3609375 0.01875 0.03046875
6 0.5421875 0.36640625 0.02109375 0.03046875
0 0.50390625 0.2515625 0.021875 0.03515625
4 0.5078125 0.4234375 0.02734375 0.0203125
6 0.53125 0.3484375 0.0203125 0.0359375
6 0.3671875 0.57578125 0.02265625 0.0328125
6 0.52578125 0.3203125 0.02109375 0.034375
7 0.71015625 0.91640625 0.01953125 0.0296875