3 0.39609375 0.15546875 0.02109375 0.0328125
8 0.5953125 0.15625 0.01953125 0.03046875
1 0.4953125 0.36328125 0.02265625 0.03203125
2 0.49453125 0.15625 0.02109375 0.03515625
6 0.5171875 0.61640625 0.02265625 0.0125
6 0.49296875 0.61640625 0.02578125 0.009375
6 0.4703125 0.62421875 0.01953125 0.03359375
6 0.528125 0.6375 0.02265625 0.02734375
6 0.521875 0.66015625 0.021875 0.03359375
6 0.50546875 0.6375 0.0203125 0.0296875
6 0.49296875 0.65234375 0.0203125 0.03046875
6 0.4828125 0.6390625 0.01875 0.03046875
6 0.4578125 0.63359375 0.02109375 0.03046875
0 0.49609375 0.7484375 0.021875 0.03515625
4 0.4921875 0.5765625 0.02734375 0.0203125
6 0.46875 0.6515625 0.0203125 0.0359375
6 0.47421875 0.6796875 0.02109375 0.034375
7 0.83203125 0.5609375 0.02578125 0.04140625