1 0.50546875 0.63515625 0.0203125 0.02890625
3 0.60546875 0.84375 0.0234375 0.03203125
2 0.50546875 0.8453125 0.02265625 0.03359375
8 0.40390625 0.84609375 0.02109375 0.0328125
6 0.39453125 0.409375 0.02578125 0.03984375
7 0.509375 0.396875 0.02421875 0.03671875
6 0.47734375 0.421875 0.02421875 0.0359375
6 0.453125 0.4 0.025 0.0359375
6 0.415625 0.36796875 0.025 0.0359375
4 0.46953125 0.315625 0.02734375 0.040625
6 0.49453125 0.3625 0.021875 0.03671875
6 0.51796875 0.3625 0.02109375 0.0375
6 0.50546875 0.44921875 0.0234375 0.03515625
6 0.53125 0.42890625 0.02421875 0.03828125