3 0.60625 0.15703125 0.02265625 0.0328125
2 0.50703125 0.15625 0.0203125 0.03046875
8 0.40390625 0.15546875 0.0234375 0.03203125
0 0.503125 0.746875 0.02265625 0.0359375
7 0.66796875 0.66015625 0.0265625 0.03828125
1 0.50625 0.36640625 0.0234375 0.03671875
4 0.5015625 0.65 0.02421875 0.034375
6 0.37421875 0.81484375 0.0265625 0.04140625
6 0.47109375 0.6375 0.0234375 0.03125
6 0.49453125 0.6359375 0.0203125 0.0296875
6 0.5171875 0.640625 0.0265625 0.03671875
6 0.51640625 0.60859375 0.0265625 0.0328125
6 0.4828125 0.61640625 0.025 0.0203125
6 0.50546875 0.615625 0.02421875 0.02109375
6 0.49453125 0.60234375 0.0265625 0.01875
6 0.50234375 0.590625 0.02578125 0.025