8 0.40390625 0.84453125 0.0203125 0.03125
7 0.75 0.35546875 0.028125 0.03984375
2 0.53828125 0.9 0.0203125 0.03125
3 0.6046875 0.84140625 0.02421875 0.0328125
1 0.50546875 0.634375 0.02265625 0.0359375
6 0.49453125 0.35625 0.02109375 0.034375
6 0.51875 0.3578125 0.02421875 0.03828125
6 0.56875 0.74375 0.0265625 0.034375
6 0.50625 0.3828125 0.0234375 0.028125
6 0.52421875 0.3921875 0.0234375 0.034375
6 0.48046875 0.37890625 0.02109375 0.03046875
6 0.50703125 0.4078125 0.0234375 0.02734375
4 0.50859375 0.428125 0.025 0.01953125
6 0.553125 0.3484375 0.02265625 0.03359375
6 0.48671875 0.4125 0.02421875 0.02890625
6 0.47421875 0.4015625 0.02578125 0.028125