8 0.40390625 0.15546875 0.02109375 0.0296875
2 0.50546875 0.15546875 0.0203125 0.0296875
3 0.60546875 0.15546875 0.0203125 0.02890625
4 0.546875 0.4265625 0.0234375 0.034375
6 0.3046875 0.4203125 0.02265625 0.028125
6 0.409375 0.65 0.02265625 0.03828125
6 0.46484375 0.63203125 0.02421875 0.03359375
6 0.46796875 0.60703125 0.02421875 0.03203125
6 0.4984375 0.6125 0.021875 0.03359375
6 0.15234375 0.53984375 0.0234375 0.03984375
6 0.1765625 0.6421875 0.02421875 0.0390625
1 0.71875 0.0484375 0.01875 0.03359375
6 0.5078125 0.64140625 0.02421875 0.04375
6 0.5203125 0.7765625 0.025 0.04140625
0 0.50546875 0.74921875 0.0234375 0.0375
6 0.3765625 0.68828125 0.0234375 0.0390625
6 0.3 0.715625 0.02734375 0.04609375
7 0.35078125 0.73515625 0.03046875 0.040625