3 0.39296875 0.84375 0.021875 0.03671875
2 0.49453125 0.84296875 0.02109375 0.02578125
8 0.59609375 0.84453125 0.021875 0.03203125
0 0.4953125 0.25 0.02421875 0.040625
1 0.49453125 0.6359375 0.02109375 0.02890625
6 0.5171875 0.3390625 0.02421875 0.03359375
6 0.49375 0.35078125 0.02265625 0.03359375
6 0.5265625 0.3625 0.025 0.03828125
6 0.50546875 0.3625 0.0171875 0.0296875
6 0.4828125 0.3640625 0.0265625 0.028125
6 0.46015625 0.36484375 0.02421875 0.0296875
6 0.515625 0.384375 0.02421875 0.02109375
6 0.49375 0.3828125 0.021875 0.0234375
6 0.471875 0.38359375 0.02421875 0.02265625
6 0.5046875 0.396875 0.02265625 0.0203125
6 0.484375 0.396875 0.0203125 0.0234375
4 0.49296875 0.41953125 0.02421875 0.02578125
6 0.6171875 0.42890625 0.0203125 0.03828125
6 0.44140625 0.34140625 0.02421875 0.03828125
6 0.47109375 0.346875 0.02265625 0.04140625
7 0.33515625 0.9625 0.01953125 0.03046875