8 0.4046875 0.15625 0.01953125 0.03203125
1 0.50546875 0.36484375 0.021875 0.0265625
2 0.50703125 0.15625 0.01796875 0.03203125
3 0.60546875 0.1578125 0.02109375 0.0265625
7 0.5890625 0.3890625 0.02578125 0.03515625
6 0.1453125 0.5921875 0.0234375 0.03515625
6 0.38984375 0.5890625 0.0234375 0.03828125
6 0.365625 0.678125 0.0234375 0.03828125
6 0.4515625 0.5953125 0.02578125 0.03359375
6 0.50546875 0.54921875 0.02578125 0.03046875
6 0.53046875 0.57265625 0.0234375 0.0390625
4 0.50625 0.58046875 0.0234375 0.03203125
0 0.50390625 0.7453125 0.02734375 0.03828125