8 0.32734375 0.11796875 0.02109375 0.03203125
2 0.50546875 0.15625 0.0203125 0.03203125
1 0.52265625 0.38671875 0.0234375 0.0328125
3 0.60625 0.15859375 0.0234375 0.0328125
6 0.58359375 0.6140625 0.02578125 0.0375
6 0.68984375 0.65546875 0.02109375 0.03515625
6 0.64296875 0.5328125 0.0203125 0.0359375
6 0.4875 0.63046875 0.02109375 0.03515625
6 0.49375 0.60234375 0.02578125 0.02578125
6 0.46328125 0.4921875 0.02421875 0.034375
6 0.57578125 0.521875 0.02734375 0.03359375
7 0.42734375 0.56875 0.025 0.03828125