8 0.40546875 0.15546875 0.02265625 0.0328125
3 0.60546875 0.15625 0.01796875 0.0296875
1 0.5046875 0.36640625 0.0234375 0.0375
6 0.496875 0.67578125 0.025 0.0390625
6 0.49453125 0.63515625 0.025 0.03203125
4 0.503125 0.5703125 0.02421875 0.025
0 0.50390625 0.7484375 0.025 0.04296875
7 0.290625 0.6875 0.03046875 0.04296875
6 0.61640625 0.60859375 0.02421875 0.0375
6 0.47109375 0.6375 0.02421875 0.0375
6 0.475 0.68203125 0.025 0.03984375
6 0.37265625 0.81640625 0.0296875 0.0421875
6 0.51796875 0.6359375 0.0234375 0.0328125
6 0.565625 0.60078125 0.02734375 0.0359375
6 0.4828125 0.6171875 0.02109375 0.01796875
6 0.50390625 0.615625 0.02421875 0.015625
6 0.49453125 0.603125 0.02421875 0.0140625
6 0.5171875 0.60625 0.028125 0.0203125
6 0.503125 0.58671875 0.0265625 0.015625
6 0.546875 0.6765625 0.025 0.03359375
2 0.50625 0.15703125 0.01875 0.02734375