3 0.39296875 0.84375 0.021875 0.03671875
2 0.49453125 0.84296875 0.02109375 0.02578125
8 0.59609375 0.84453125 0.021875 0.03203125
7 0.4859375 0.39453125 0.028125 0.03828125
1 0.49375 0.63359375 0.02109375 0.03828125
4 0.52578125 0.31796875 0.02890625 0.04453125
6 0.578125 0.365625 0.021875 0.03828125
6 0.58515625 0.39921875 0.025 0.03828125
6 0.5265625 0.39140625 0.02265625 0.03515625
6 0.521875 0.41953125 0.02265625 0.03125
6 0.49140625 0.43828125 0.025 0.034375
6 0.471875 0.41875 0.021875 0.03515625
6 0.50625 0.35859375 0.021875 0.0390625
6 0.4828125 0.3609375 0.02890625 0.03671875