2 0.49453125 0.153125 0.01875 0.03203125
3 0.39765625 0.1578125 0.0203125 0.0265625
1 0.49296875 0.365625 0.021875 0.0296875
6 0.61171875 0.5890625 0.02265625 0.0390625
6 0.85625 0.59296875 0.02265625 0.034375
6 0.6328125 0.6796875 0.025 0.04296875
6 0.5515625 0.59609375 0.021875 0.03359375
6 0.49453125 0.54765625 0.021875 0.03046875
6 0.4703125 0.571875 0.021875 0.0390625
4 0.49453125 0.5875 0.02265625 0.0375
0 0.49609375 0.7484375 0.02734375 0.034375
7 0.71640625 0.1515625 0.01796875 0.021875
8 0.68046875 0.2484375 0.01796875 0.028125