2 0.50625 0.15625 0.02265625 0.028125
3 0.60546875 0.15546875 0.02265625 0.034375
0 0.50390625 0.74765625 0.02109375 0.034375
8 0.4046875 0.15703125 0.021875 0.03359375
7 0.70703125 0.1546875 0.0203125 0.0328125
1 0.50703125 0.3671875 0.02109375 0.0296875
4 0.50390625 0.58359375 0.02265625 0.03203125
6 0.14375 0.590625 0.0203125 0.0328125
6 0.36640625 0.67890625 0.02578125 0.03984375
6 0.38671875 0.5875 0.02421875 0.03515625
6 0.44765625 0.59765625 0.02265625 0.03359375
6 0.5203125 0.69375 0.02109375 0.0328125
6 0.5046875 0.54921875 0.02421875 0.040625
6 0.53046875 0.57109375 0.021875 0.0328125