3 0.39609375 0.15546875 0.02109375 0.0328125
8 0.596875 0.15546875 0.02109375 0.03203125
0 0.4953125 0.7484375 0.0296875 0.0359375
4 0.49140625 0.56640625 0.0234375 0.021875
2 0.49453125 0.15703125 0.01953125 0.03828125
1 0.49453125 0.36484375 0.02109375 0.03359375
7 0.35859375 0.74296875 0.025 0.04296875
6 0.434375 0.60703125 0.025 0.04296875
6 0.4828125 0.6375 0.01640625 0.03359375
6 0.5453125 0.65 0.02109375 0.03671875
6 0.5015625 0.63671875 0.02109375 0.03203125
6 0.5265625 0.6375 0.0234375 0.03359375
6 0.48203125 0.60703125 0.0234375 0.03046875
6 0.51875 0.61640625 0.0296875 0.0140625
6 0.50546875 0.6015625 0.02421875 0.01796875
6 0.49609375 0.58984375 0.03125 0.01640625
6 0.62578125 0.8140625 0.02734375 0.03515625