8 0.59453125 0.15546875 0.02265625 0.0328125
3 0.39453125 0.15625 0.01796875 0.0296875
1 0.4953125 0.36640625 0.0234375 0.0375
6 0.54765625 0.6578125 0.021875 0.0328125
6 0.528125 0.6328125 0.02265625 0.02734375
4 0.4859375 0.5640625 0.02421875 0.0234375
0 0.53828125 0.825 0.025 0.04296875
7 0.5015625 0.33828125 0.02421875 0.03515625
6 0.459375 0.6375 0.02265625 0.03671875
6 0.41640625 0.7859375 0.0265625 0.04140625
6 0.5140625 0.575 0.025 0.03984375
6 0.6859375 0.81640625 0.02734375 0.0390625
6 0.51875 0.653125 0.0234375 0.034375
6 0.43125 0.72734375 0.02421875 0.034375
6 0.64140625 0.56328125 0.021875 0.03671875
6 0.49765625 0.62421875 0.025 0.028125
6 0.38203125 0.6484375 0.025 0.034375
6 0.4859375 0.60234375 0.028125 0.0203125
6 0.4765625 0.58515625 0.02734375 0.01796875
6 0.475 0.728125 0.025 0.03359375
2 0.48671875 0.1515625 0.01875 0.02734375
6 0.47109375 0.62265625 0.02265625 0.02734375