8 0.59609375 0.15703125 0.0203125 0.03203125
2 0.49453125 0.1546875 0.01875 0.0328125
3 0.39609375 0.15859375 0.0203125 0.03046875
1 0.4953125 0.36484375 0.021875 0.03671875
6 0.6953125 0.41796875 0.02109375 0.03359375
4 0.453125 0.42265625 0.021875 0.03359375
6 0.84921875 0.5390625 0.02578125 0.04140625
6 0.825 0.64296875 0.0234375 0.04140625
6 0.5078125 0.575 0.021875 0.03828125
0 0.6640625 0.79609375 0.02578125 0.0421875
6 0.6625 0.73125 0.025 0.0375
6 0.49921875 0.740625 0.0234375 0.04140625
6 0.52421875 0.66171875 0.02265625 0.0390625
6 0.42421875 0.6546875 0.028125 0.0421875
6 0.7984375 0.75625 0.028125 0.04296875
6 0.5328125 0.609375 0.021875 0.0359375
6 0.51796875 0.62265625 0.0203125 0.0296875
6 0.49765625 0.6171875 0.0203125 0.03125
6 0.49296875 0.64140625 0.02109375 0.0328125
6 0.50546875 0.678125 0.02109375 0.0359375
7 0.3015625 0.10234375 0.02421875 0.040625