8 0.4046875 0.84375 0.0234375 0.02890625
2 0.50546875 0.846875 0.01875 0.03203125
3 0.6546875 0.8953125 0.0234375 0.03359375
4 0.51640625 0.41953125 0.02578125 0.0390625
6 0.64375 0.434375 0.02578125 0.040625
6 0.49296875 0.36640625 0.02109375 0.0375
6 0.47109375 0.359375 0.021875 0.0390625
6 0.48125 0.34296875 0.0234375 0.03046875
0 0.4234375 0.16328125 0.02890625 0.03203125
1 0.50390625 0.634375 0.02421875 0.03203125
6 0.784375 0.1640625 0.025 0.03125
6 0.6625 0.3421875 0.021875 0.0421875
6 0.4703125 0.73203125 0.02421875 0.03671875
7 0.37890625 0.33359375 0.03046875 0.03671875
6 0.36484375 0.74609375 0.02109375 0.03515625
6 0.18671875 0.45078125 0.02265625 0.0421875
6 0.31328125 0.184375 0.02890625 0.040625