8 0.4046875 0.15625 0.01953125 0.03203125
1 0.50546875 0.36484375 0.021875 0.0265625
2 0.51484375 0.15390625 0.0203125 0.034375
7 0.6328125 0.1203125 0.01640625 0.025
3 0.65 0.1046875 0.01953125 0.02421875
6 0.31171875 0.8140625 0.02734375 0.03828125
6 0.40390625 0.55859375 0.0203125 0.0375
6 0.48359375 0.57265625 0.02109375 0.03046875
6 0.45078125 0.659375 0.02578125 0.0375
6 0.471875 0.63828125 0.02109375 0.02890625
6 0.49296875 0.634375 0.02578125 0.03984375
6 0.48046875 0.6546875 0.021875 0.03359375
6 0.521875 0.58828125 0.02109375 0.03046875
6 0.53671875 0.6109375 0.01953125 0.03359375
6 0.5765625 0.62265625 0.0234375 0.028125
6 0.5921875 0.73828125 0.025 0.0421875
6 0.5859375 0.784375 0.0234375 0.034375
6 0.52890625 0.78359375 0.0234375 0.04375
0 0.4265625 0.83515625 0.02734375 0.02890625
4 0.51328125 0.56875 0.021875 0.03046875
6 0.4859375 0.80625 0.0265625 0.03828125
6 0.7984375 0.78828125 0.025 0.03828125