8 0.59609375 0.15546875 0.0203125 0.03125
7 0.43671875 0.7203125 0.02421875 0.03359375
2 0.49453125 0.1578125 0.0203125 0.03125
3 0.3953125 0.15859375 0.02421875 0.0328125
6 0.6234375 0.815625 0.02421875 0.03671875
1 0.49453125 0.365625 0.02265625 0.0359375
6 0.43515625 0.60859375 0.0265625 0.03984375
0 0.49609375 0.7484375 0.0265625 0.03984375
6 0.4515625 0.6765625 0.02265625 0.03359375
6 0.50546875 0.63671875 0.0203125 0.0328125
6 0.4828125 0.63828125 0.025 0.0375
6 0.52890625 0.63984375 0.0203125 0.03203125
6 0.509375 0.609375 0.02109375 0.02265625
6 0.47578125 0.6078125 0.02109375 0.0296875
6 0.54453125 0.653125 0.028125 0.0375
6 0.51640625 0.6234375 0.02265625 0.02734375
6 0.49609375 0.5921875 0.01875 0.02578125
4 0.4921875 0.57265625 0.021875 0.0171875