3 0.39609375 0.84453125 0.02109375 0.0328125
2 0.4625 0.903125 0.01796875 0.028125
6 0.5734375 0.41328125 0.025 0.03359375
4 0.48984375 0.4328125 0.02578125 0.02734375
6 0.490625 0.40859375 0.0234375 0.02578125
6 0.5078125 0.396875 0.0234375 0.034375
6 0.34140625 0.4453125 0.0234375 0.0359375
6 0.83984375 0.40234375 0.02578125 0.034375
6 0.4328125 0.74609375 0.0234375 0.03125
8 0.59609375 0.846875 0.02109375 0.03046875
6 0.14453125 0.34453125 0.02578125 0.0375
0 0.49609375 0.2515625 0.02734375 0.0359375
7 0.54609375 0.77421875 0.02265625 0.0296875