7 0.17734375 0.73046875 0.0265625 0.03984375
0 0.50546875 0.74921875 0.025 0.03828125
6 0.85625 0.65703125 0.02421875 0.040625
8 0.40390625 0.15390625 0.02109375 0.03203125
2 0.5390625 0.09609375 0.01953125 0.03125
3 0.60390625 0.15546875 0.0203125 0.03203125
6 0.56640625 0.25390625 0.02265625 0.03359375
1 0.50390625 0.3640625 0.02265625 0.03515625
6 0.159375 0.6015625 0.0265625 0.0375
6 0.65859375 0.55546875 0.0234375 0.03515625
6 0.4265625 0.58515625 0.0265625 0.0421875
6 0.59921875 0.559375 0.02578125 0.03984375
6 0.51015625 0.58984375 0.025 0.03203125
6 0.490625 0.60390625 0.0234375 0.0359375
4 0.5078125 0.5671875 0.025 0.02265625