8 0.59609375 0.15546875 0.02109375 0.0296875
2 0.49453125 0.15546875 0.0203125 0.0296875
3 0.39453125 0.15546875 0.0203125 0.02890625
1 0.4953125 0.36640625 0.02109375 0.03984375
6 0.52421875 0.6625 0.02265625 0.0375
6 0.50390625 0.6375 0.021875 0.03125
6 0.49296875 0.65234375 0.021875 0.0359375
6 0.5203125 0.621875 0.021875 0.0375
6 0.49765625 0.61640625 0.025 0.0359375
6 0.50703125 0.575 0.0234375 0.0359375
6 0.35625 0.65625 0.03046875 0.0421875
6 0.40625 0.60703125 0.02578125 0.0453125
6 0.425 0.65625 0.02578125 0.0453125
6 0.69453125 0.41953125 0.02109375 0.0390625
6 0.825 0.64453125 0.02421875 0.040625
6 0.45859375 0.71796875 0.02265625 0.0453125
4 0.45390625 0.4234375 0.025 0.03515625
6 0.15 0.49453125 0.021875 0.040625
0 0.496875 0.74921875 0.02421875 0.03984375
6 0.7421875 0.44375 0.02578125 0.0328125
7 0.5203125 0.04453125 0.02421875 0.028125