3 0.60703125 0.84375 0.021875 0.03671875
2 0.50546875 0.84296875 0.02109375 0.02578125
0 0.5046875 0.25 0.02421875 0.040625
1 0.50546875 0.6359375 0.02109375 0.02890625
6 0.3828125 0.42890625 0.0203125 0.03828125
6 0.5234375 0.340625 0.02109375 0.03125
6 0.50234375 0.33984375 0.0234375 0.0328125
6 0.48671875 0.35703125 0.0203125 0.03515625
6 0.52109375 0.3625 0.0234375 0.02421875
6 0.4828125 0.37734375 0.02421875 0.0265625
6 0.5078125 0.375 0.02265625 0.034375
6 0.49453125 0.39609375 0.025 0.01875
6 0.515625 0.39140625 0.021875 0.02890625
6 0.50078125 0.4140625 0.02421875 0.01875
6 0.5828125 0.39296875 0.025 0.040625
6 0.64296875 0.46796875 0.02109375 0.0359375
6 0.4359375 0.32265625 0.02265625 0.040625
6 0.4640625 0.32109375 0.02265625 0.03984375
4 0.84140625 0.4296875 0.02734375 0.03828125
8 0.37421875 0.87109375 0.021875 0.03125
6 0.25078125 0.25390625 0.02578125 0.040625
7 0.5515625 0.6640625 0.025 0.03828125