8 0.59609375 0.8453125 0.01796875 0.034375
2 0.49375 0.84296875 0.0203125 0.0296875
3 0.39375 0.84453125 0.01875 0.0296875
7 0.85703125 0.40078125 0.0265625 0.04375
1 0.49375 0.63359375 0.0234375 0.03515625
0 0.4953125 0.24921875 0.025 0.0375
6 0.61875 0.4296875 0.0234375 0.0375
6 0.534375 0.32109375 0.021875 0.0359375
6 0.4984375 0.33984375 0.02421875 0.03515625
6 0.47578125 0.3421875 0.02265625 0.03671875
6 0.396875 0.45546875 0.0265625 0.03828125
6 0.5609375 0.325 0.02421875 0.03515625
6 0.51328125 0.35703125 0.0234375 0.02890625
6 0.48046875 0.365625 0.025 0.02109375
6 0.3546875 0.28984375 0.0234375 0.0375
6 0.5171875 0.38203125 0.0234375 0.01953125
6 0.49375 0.3796875 0.0234375 0.021875
6 0.41953125 0.39375 0.0234375 0.03828125
6 0.5046875 0.39765625 0.02578125 0.01328125
6 0.484375 0.3921875 0.025 0.025
6 0.5 0.41328125 0.025 0.0171875
4 0.29921875 0.4234375 0.0265625 0.0375