3 0.60703125 0.15625 0.021875 0.03671875
2 0.50546875 0.15703125 0.02109375 0.02578125
8 0.40390625 0.15546875 0.021875 0.03203125
0 0.5046875 0.75 0.02421875 0.040625
1 0.50546875 0.3640625 0.02109375 0.02890625
6 0.3828125 0.57109375 0.0203125 0.03828125
6 0.48203125 0.665625 0.02265625 0.03203125
6 0.50546875 0.64921875 0.0234375 0.03359375
6 0.5296875 0.65390625 0.02109375 0.0453125
6 0.51875 0.6328125 0.02109375 0.01953125
6 0.48125 0.6171875 0.02265625 0.02265625
6 0.50625 0.61953125 0.02421875 0.02421875
6 0.49453125 0.60390625 0.01953125 0.02421875
6 0.51640625 0.603125 0.0203125 0.025
6 0.55703125 0.6484375 0.021875 0.03359375
6 0.54140625 0.61953125 0.0234375 0.0359375
6 0.5140625 0.5671875 0.02421875 0.03359375
4 0.53984375 0.5828125 0.025 0.03515625
7 0.3875 0.6546875 0.02890625 0.0390625
6 0.465625 0.64453125 0.02421875 0.034375
6 0.490625 0.63515625 0.02421875 0.02421875
6 0.50234375 0.590625 0.02265625 0.02109375