8 0.59609375 0.1546875 0.01796875 0.034375
2 0.49375 0.15703125 0.0203125 0.0296875
3 0.39375 0.15546875 0.01875 0.0296875
7 0.81796875 0.5375 0.025 0.03671875
1 0.49375 0.36640625 0.0234375 0.03515625
0 0.4953125 0.75078125 0.025 0.0375
6 0.61875 0.5703125 0.0234375 0.0375
6 0.53359375 0.67734375 0.021875 0.03671875
6 0.4984375 0.66171875 0.02421875 0.03515625
6 0.4765625 0.65859375 0.02265625 0.03671875
6 0.56484375 0.67890625 0.02421875 0.04140625
6 0.33984375 0.7203125 0.0265625 0.04375
6 0.51171875 0.64296875 0.02265625 0.0296875
6 0.48203125 0.634375 0.0265625 0.0203125
6 0.41640625 0.60625 0.02421875 0.0359375
6 0.51640625 0.6171875 0.028125 0.0203125
6 0.49453125 0.61875 0.021875 0.01875
6 0.38125 0.5375 0.025 0.0328125
6 0.5046875 0.60234375 0.02578125 0.01328125
6 0.48359375 0.60625 0.02421875 0.0203125
6 0.5 0.58828125 0.02578125 0.0171875
4 0.26875 0.57421875 0.0265625 0.03984375