8 0.596875 0.15625 0.0203125 0.02890625
2 0.49453125 0.15703125 0.0203125 0.02890625
1 0.49609375 0.36484375 0.02109375 0.03046875
7 0.571875 0.73046875 0.025 0.0453125
0 0.49453125 0.7515625 0.025 0.03984375
6 0.86796875 0.82421875 0.0265625 0.0390625
6 0.525 0.69453125 0.02734375 0.0390625
6 0.38046875 0.71015625 0.025 0.03828125
6 0.46640625 0.65546875 0.021875 0.034375
6 0.45546875 0.6375 0.021875 0.0359375
6 0.3890625 0.5984375 0.02265625 0.03828125
6 0.52890625 0.63671875 0.0234375 0.034375
6 0.50625 0.6359375 0.02109375 0.03359375
6 0.48203125 0.63828125 0.02265625 0.03515625
6 0.5171875 0.61484375 0.021875 0.0140625
6 0.49375 0.6140625 0.02421875 0.01328125
6 0.50625 0.6015625 0.0234375 0.01484375
6 0.48203125 0.60625 0.02109375 0.02578125
6 0.4984375 0.58515625 0.028125 0.015625
4 0.496875 0.565625 0.021875 0.0203125
3 0.7484375 0.0734375 0.01796875 0.028125