8 0.40390625 0.15546875 0.02109375 0.0296875
2 0.50546875 0.15546875 0.0203125 0.0296875
3 0.60546875 0.15546875 0.0203125 0.02890625
4 0.546875 0.4265625 0.0234375 0.034375
6 0.3046875 0.4203125 0.02265625 0.028125
6 0.409375 0.65 0.02265625 0.03828125
6 0.46484375 0.63203125 0.02421875 0.03359375
6 0.46796875 0.60703125 0.02421875 0.03203125
6 0.4984375 0.6125 0.021875 0.03359375
6 0.15234375 0.53984375 0.0234375 0.03984375
6 0.1765625 0.6421875 0.02421875 0.0390625
1 0.71875 0.0484375 0.01875 0.03359375
6 0.5078125 0.64140625 0.02421875 0.04375
6 0.3515625 0.71796875 0.02421875 0.03359375
6 0.3390625 0.734375 0.0265625 0.0390625
6 0.35234375 0.81171875 0.025 0.03671875
0 0.334375 0.79296875 0.025 0.03515625
7 0.2984375 0.4734375 0.02265625 0.034375
6 0.4921875 0.5734375 0.028125 0.034375