2 0.50546875 0.153125 0.01875 0.03203125
4 0.51640625 0.58046875 0.02578125 0.0390625
6 0.57421875 0.621875 0.028125 0.040625
6 0.64375 0.565625 0.02578125 0.040625
6 0.49296875 0.63359375 0.02109375 0.0375
6 0.47109375 0.640625 0.021875 0.0390625
6 0.48125 0.65703125 0.0234375 0.03046875
6 0.31171875 0.81484375 0.0265625 0.0421875
6 0.584375 0.7859375 0.0265625 0.0390625
0 0.4234375 0.83671875 0.02890625 0.03203125
6 0.434375 0.39140625 0.01875 0.0421875
6 0.1859375 0.54296875 0.0234375 0.03828125
6 0.66171875 0.8078125 0.02734375 0.0421875
6 0.784375 0.83515625 0.02734375 0.02734375
3 0.67578125 0.0484375 0.02109375 0.0296875
8 0.3953125 0.14765625 0.01953125 0.025
7 0.728125 0.034375 0.0203125 0.02578125
1 0.60703125 0.46953125 0.02578125 0.03046875
6 0.71796875 0.678125 0.02265625 0.03828125
6 0.628125 0.7109375 0.02578125 0.040625