8 0.596875 0.84375 0.02421875 0.03046875
1 0.49609375 0.63515625 0.02109375 0.03359375
2 0.49453125 0.84375 0.021875 0.03359375
3 0.3953125 0.8453125 0.021875 0.03359375
6 0.38359375 0.38984375 0.025 0.04296875
6 0.434375 0.39375 0.0234375 0.03671875
6 0.45390625 0.321875 0.021875 0.03671875
6 0.50390625 0.32421875 0.02265625 0.0359375
6 0.52265625 0.3125 0.02265625 0.03828125
6 0.52890625 0.3640625 0.02421875 0.0359375
6 0.50625 0.36484375 0.0265625 0.0359375
6 0.48125 0.365625 0.0234375 0.0390625
6 0.48203125 0.390625 0.021875 0.03046875
6 0.49609375 0.4078125 0.02265625 0.0234375
6 0.5171875 0.38359375 0.01953125 0.0234375
6 0.625 0.18671875 0.028125 0.0359375
7 0.80546875 0.446875 0.025 0.04140625
0 0.4953125 0.25234375 0.02421875 0.0390625