4 0.498828 0.478472 0.022656 0.040278
7 0.457031 0.547222 0.020312 0.038889
7 0.642578 0.397917 0.022656 0.043056
8 0.571484 0.389583 0.021094 0.043056
1 0.520312 0.435417 0.018750 0.034722
3 0.536719 0.639583 0.021875 0.043056
0 0.615625 0.825694 0.021875 0.040278
2 0.224609 0.583333 0.019531 0.033333
6 0.442578 0.359028 0.021094 0.034722
6 0.606641 0.642361 0.021094 0.037500
6 0.679688 0.727778 0.021875 0.038889
6 0.758203 0.804167 0.021094 0.038889
6 0.259375 0.819444 0.023438 0.038889
6 0.293750 0.820833 0.021875 0.036111
