0 0.615625 0.825694 0.021875 0.040278
2 0.224609 0.583333 0.019531 0.033333
3 0.537500 0.640278 0.021875 0.044444
4 0.681250 0.502083 0.023438 0.040278
1 0.692578 0.422917 0.021094 0.040278
7 0.700391 0.383333 0.022656 0.038889
7 0.458984 0.543056 0.022656 0.041667
8 0.640625 0.354167 0.021875 0.041667
6 0.628125 0.322917 0.020313 0.040278
6 0.675391 0.540278 0.022656 0.038889
6 0.620703 0.621528 0.021094 0.040278
6 0.722656 0.742361 0.021875 0.037500
6 0.758984 0.806250 0.022656 0.034722
6 0.295312 0.639583 0.021875 0.037500
