0 0.508984 0.563194 0.021094 0.037500
1 0.391797 0.357639 0.019531 0.029167
7 0.224219 0.465972 0.021875 0.034722
7 0.391016 0.776389 0.022656 0.036111
6 0.265625 0.740972 0.021875 0.037500
6 0.408203 0.558333 0.022656 0.041667
6 0.550391 0.672222 0.021094 0.038889
6 0.650000 0.629167 0.021875 0.036111
6 0.644141 0.667361 0.022656 0.037500
6 0.694922 0.829167 0.022656 0.041667
4 0.486719 0.656944 0.023438 0.041667
3 0.405859 0.627083 0.024219 0.043056
2 0.225000 0.583333 0.020313 0.036111
8 0.730469 0.505556 0.023438 0.038889
