0 0.258203 0.571528 0.021094 0.037500
0 0.355078 0.370833 0.021094 0.038889
0 0.339063 0.652083 0.020313 0.034722
0 0.529687 0.380556 0.020312 0.038889
0 0.587109 0.275694 0.021094 0.037500
0 0.612109 0.448611 0.021094 0.038889
1 0.333594 0.573611 0.021875 0.038889
1 0.301953 0.374306 0.021094 0.043056
4 0.236719 0.638194 0.023438 0.031944
3 0.355469 0.501389 0.023438 0.044444
6 0.632422 0.430556 0.022656 0.038889
2 0.680859 0.286806 0.022656 0.040278
5 0.723437 0.601389 0.020313 0.036111
7 0.616016 0.825694 0.021094 0.040278
