2 0.333984 0.572222 0.022656 0.036111
1 0.333984 0.573611 0.021094 0.038889
1 0.301563 0.375000 0.021875 0.044444
0 0.257812 0.571528 0.021875 0.037500
0 0.355859 0.370833 0.021094 0.038889
0 0.521484 0.343750 0.021094 0.040278
0 0.586719 0.275000 0.020313 0.038889
0 0.582422 0.354167 0.021094 0.038889
0 0.612109 0.448611 0.021094 0.038889
6 0.632422 0.430556 0.022656 0.038889
5 0.717188 0.598611 0.021875 0.036111
7 0.616016 0.825694 0.021094 0.040278
3 0.355469 0.501389 0.023438 0.044444
4 0.236719 0.637500 0.023438 0.033333
