8 0.201953 0.731250 0.025781 0.043056
1 0.329297 0.600694 0.022656 0.034722
7 0.335938 0.552778 0.023438 0.041667
7 0.458984 0.543056 0.021094 0.036111
2 0.439063 0.686111 0.023438 0.038889
3 0.537500 0.640972 0.021875 0.045833
0 0.616016 0.825694 0.021094 0.040278
4 0.624219 0.493056 0.021875 0.038889
6 0.620703 0.620139 0.021094 0.037500
6 0.257422 0.570833 0.022656 0.036111
6 0.619531 0.530556 0.020312 0.038889
6 0.587109 0.277778 0.021094 0.044444
6 0.722656 0.741667 0.021875 0.038889
6 0.758984 0.804861 0.022656 0.040278
