1 0.703516 0.531944 0.021094 0.038889
7 0.642187 0.397917 0.021875 0.043056
7 0.475391 0.533333 0.021094 0.041667
3 0.546875 0.651389 0.021875 0.036111
4 0.603125 0.654861 0.023438 0.040278
8 0.574609 0.420139 0.021094 0.040278
2 0.224609 0.583333 0.019531 0.033333
6 0.258984 0.819444 0.022656 0.038889
6 0.293750 0.821528 0.021875 0.037500
6 0.504297 0.787500 0.016406 0.025000
6 0.559766 0.730556 0.021094 0.038889
6 0.608203 0.800000 0.022656 0.036111
6 0.617578 0.688889 0.021094 0.038889
0 0.587109 0.836111 0.021094 0.038889
