7 0.221484 0.819444 0.022656 0.038889
2 0.224609 0.583333 0.019531 0.033333
3 0.390625 0.680556 0.021875 0.041667
1 0.447656 0.445833 0.021875 0.041667
8 0.474219 0.536111 0.021875 0.041667
7 0.492969 0.578472 0.025000 0.045833
4 0.451953 0.694444 0.022656 0.038889
0 0.486328 0.715278 0.021094 0.041667
6 0.498047 0.536806 0.022656 0.043056
6 0.482031 0.634722 0.020313 0.038889
6 0.474609 0.680556 0.021094 0.038889
6 0.469141 0.761806 0.022656 0.040278
6 0.455859 0.840972 0.022656 0.040278
6 0.348437 0.737500 0.020313 0.038889
