5 0.224219 0.583333 0.018750 0.033333
3 0.296484 0.639583 0.022656 0.043056
4 0.327734 0.652778 0.021094 0.033333
7 0.526953 0.600000 0.019531 0.036111
1 0.691016 0.497222 0.027344 0.038889
1 0.523047 0.454167 0.022656 0.038889
6 0.571875 0.502083 0.023438 0.040278
2 0.619531 0.394444 0.028125 0.041667
0 0.463281 0.697222 0.021875 0.038889
0 0.409375 0.667361 0.010937 0.034722
0 0.694922 0.828472 0.022656 0.040278
0 0.728516 0.611806 0.022656 0.037500
0 0.774609 0.593750 0.022656 0.037500
0 0.705859 0.467361 0.022656 0.037500
