8 0.475000 0.535417 0.021875 0.037500
7 0.542969 0.672917 0.021875 0.040278
7 0.221484 0.820139 0.022656 0.037500
2 0.224609 0.583333 0.019531 0.033333
3 0.296484 0.640278 0.024219 0.044444
4 0.452734 0.694444 0.021094 0.038889
1 0.448047 0.445833 0.021094 0.041667
1 0.544922 0.754167 0.021094 0.038889
0 0.544922 0.754167 0.021094 0.038889
6 0.436719 0.532639 0.021875 0.037500
6 0.483203 0.643750 0.022656 0.040278
6 0.491797 0.779167 0.022656 0.038889
6 0.564844 0.637500 0.020312 0.038889
6 0.589453 0.742361 0.021094 0.037500
6 0.694922 0.828472 0.022656 0.040278
