0 0.478125 0.421528 0.020313 0.037500
0 0.480078 0.621528 0.021094 0.040278
0 0.459375 0.651389 0.020313 0.036111
0 0.444531 0.713194 0.020313 0.040278
0 0.434766 0.822222 0.022656 0.038889
0 0.348047 0.737500 0.022656 0.041667
5 0.224609 0.584028 0.019531 0.034722
1 0.221875 0.819444 0.023438 0.038889
2 0.390625 0.504861 0.021875 0.040278
1 0.464844 0.549306 0.021875 0.040278
4 0.447266 0.443750 0.019531 0.034722
6 0.480859 0.735417 0.024219 0.040278
7 0.466406 0.690972 0.020313 0.037500
3 0.424609 0.677778 0.022656 0.041667
