7 0.583984 0.438194 0.021094 0.040278
7 0.739453 0.554861 0.024219 0.040278
2 0.224609 0.583333 0.019531 0.033333
3 0.296094 0.638889 0.021875 0.041667
1 0.327734 0.652778 0.021094 0.033333
6 0.491797 0.779167 0.022656 0.038889
6 0.694531 0.827778 0.023438 0.038889
6 0.727734 0.611806 0.022656 0.037500
6 0.760938 0.583333 0.021875 0.036111
6 0.744531 0.425000 0.021875 0.036111
6 0.535547 0.463889 0.021094 0.036111
0 0.560547 0.654861 0.021094 0.037500
4 0.614844 0.486111 0.021875 0.038889
8 0.594922 0.277083 0.022656 0.045833
