6 0.319922 0.771528 0.022656 0.043056
6 0.262891 0.818750 0.024219 0.040278
6 0.471875 0.441667 0.020313 0.038889
6 0.650781 0.638889 0.023438 0.041667
6 0.686719 0.655556 0.021875 0.036111
6 0.655078 0.756944 0.021094 0.038889
0 0.673437 0.614583 0.021875 0.037500
7 0.377734 0.625694 0.022656 0.040278
4 0.279687 0.625694 0.025000 0.043056
2 0.203906 0.514583 0.023438 0.034722
7 0.632812 0.567361 0.023438 0.043056
7 0.632812 0.567361 0.023438 0.043056
3 0.760938 0.482639 0.025000 0.045833
8 0.632422 0.565972 0.022656 0.040278
1 0.366016 0.831250 0.022656 0.037500
