3 0.631641 0.791667 0.022656 0.038889
4 0.502734 0.518056 0.028906 0.038889
7 0.300781 0.372917 0.021875 0.037500
7 0.587109 0.596528 0.022656 0.040278
8 0.657031 0.263194 0.023438 0.043056
2 0.603906 0.510417 0.020312 0.034722
1 0.786719 0.504861 0.023438 0.037500
0 0.616016 0.826389 0.021094 0.038889
6 0.226562 0.775694 0.021875 0.037500
6 0.345703 0.344444 0.021094 0.038889
6 0.437891 0.431250 0.022656 0.043056
6 0.352734 0.742361 0.022656 0.045833
6 0.373437 0.827778 0.021875 0.036111
6 0.780078 0.608333 0.024219 0.038889
